日期,时间,代码,名称,开盘,最高,最低,收盘,总手,金额,涨幅,涨幅比
2015-01-05,15:00,sh603636,南威软件,26.05,26.05,26.05,26.05,212,552260,2.37,10.008445945945946
2015-01-06,15:00,sh603636,南威软件,28.66,28.66,28.66,28.66,244,699304,2.61,10.019193857965451
2015-01-07,15:00,sh603636,南威软件,31.53,31.53,31.53,31.53,712,2244936,2.87,10.013956734124214
2015-01-08,15:00,sh603636,南威软件,34.68,34.68,34.68,34.68,2897,10046796,3.15,9.990485252140818
2015-01-09,15:00,sh603636,南威软件,38.15,38.15,38.15,38.15,13746,52442136,3.47,10.005767012687429
2015-01-12,15:00,sh603636,南威软件,38.15,41.97,37.3,41.97,178314,701099712,3.82,10.01310615989515
2015-01-13,15:00,sh603636,南威软件,40.0,46.0,39.5,42.49,123045,524103968,0.52,1.238980223969502
2015-01-14,15:00,sh603636,南威软件,41.5,44.7,41.3,41.63,77757,332166528,-0.86,-2.024005648387856
2015-01-15,15:00,sh603636,南威软件,42.0,45.79,42.0,44.48,93979,419926720,2.85,6.846024501561374
2015-01-16,15:00,sh603636,南威软件,44.02,47.39,43.8,46.47,84043,381742784,1.99,4.473920863309353
2015-01-19,15:00,sh603636,南威软件,44.8,49.78,42.62,43.97,89705,418464736,-2.5,-5.379814934366258
2015-01-20,15:00,sh603636,南威软件,44.1,47.4,44.1,47.31,62687,287248448,3.34,7.59608824198317
2015-01-21,15:00,sh603636,南威软件,47.53,49.5,46.0,47.43,61948,292434048,0.12,0.2536461636017755
2015-01-22,15:00,sh603636,南威软件,46.51,48.3,46.51,47.1,40570,191575008,-0.33,-0.6957621758380772
2015-01-23,15:00,sh603636,南威软件,46.71,48.28,45.01,46.87,52583,244773504,-0.23,-0.4883227176220807
2015-01-26,15:00,sh603636,南威软件,46.11,48.16,46.11,47.15,34649,163771600,0.28,0.5973970556859398
2015-01-27,15:00,sh603636,南威软件,46.91,48.15,45.77,46.84,32085,150655776,-0.31,-0.6574761399787912
2015-01-28,15:00,sh603636,南威软件,46.4,51.52,46.11,51.52,48477,239520032,4.68,9.991460290350128
2015-01-29,15:00,sh603636,南威软件,51.94,52.93,50.2,51.26,60917,314519392,-0.26,-0.5046583850931677
2015-01-30,15:00,sh603636,南威软件,50.51,51.2,47.03,47.13,32479,159050912,-4.13,-8.056964494732735
2015-02-02,15:00,sh603636,南威软件,42.42,42.42,42.42,42.42,6066,25731972,-4.71,-9.993634627625717
2015-02-03,15:00,sh603636,南威软件,40.66,46.45,40.66,45.66,85634,370984448,3.24,7.637906647807638
2015-02-04,15:00,sh603636,南威软件,44.6,45.38,43.75,43.97,58712,260366288,-1.69,-3.701270258431888
2015-02-05,15:00,sh603636,南威软件,44.11,46.98,43.3,44.22,54938,247523632,0.25,0.568569479190357
2015-02-06,15:00,sh603636,南威软件,43.87,43.87,40.5,40.99,45933,191751568,-3.23,-7.304387155133424
2015-02-09,15:00,sh603636,南威软件,40.1,41.5,38.6,38.83,29477,117454288,-2.16,-5.269577945840449
2015-02-10,15:00,sh603636,南威软件,38.97,40.49,38.3,40.47,23140,92491496,1.64,4.223538501158898
2015-02-11,15:00,sh603636,南威软件,40.12,42.0,40.08,41.22,26563,109418320,0.75,1.853224610822832
2015-02-12,15:00,sh603636,南威软件,41.2,45.34,41.17,44.47,49353,216786320,3.25,7.884522076661815
2015-02-13,15:00,sh603636,南威软件,44.9,46.15,44.65,45.43,39222,177788224,0.96,2.1587587137396
2015-02-16,15:00,sh603636,南威软件,45.1,46.86,43.92,45.99,36220,164832704,0.56,1.2326656394453006
2015-02-17,15:00,sh603636,南威软件,46.05,46.42,44.76,45.2,22652,102752608,-0.79,-1.7177647314633615
2015-02-25,15:00,sh603636,南威软件,44.95,45.75,43.43,43.96,18315,80865896,-1.24,-2.743362831858407
2015-02-26,15:00,sh603636,南威软件,43.96,44.85,43.6,44.46,14622,64702036,0.5,1.1373976342129208
2015-02-27,15:00,sh603636,南威软件,44.47,45.45,43.85,45.03,18441,82475264,0.57,1.282051282051282
2015-03-02,15:00,sh603636,南威软件,44.94,46.8,44.6,46.43,27337,125128904,1.4,3.1090384188318896
2015-03-03,15:00,sh603636,南威软件,46.09,46.09,44.14,44.4,29123,131663096,-2.03,-4.372173163902649
2015-03-04,15:00,sh603636,南威软件,44.0,45.23,43.85,45.04,18556,82940512,0.64,1.4414414414414414
2015-03-05,15:00,sh603636,南威软件,44.8,45.92,44.33,45.76,23784,107339520,0.72,1.5985790408525755
2015-03-06,15:00,sh603636,南威软件,45.51,45.85,43.99,44.06,17424,77898256,-1.7,-3.715034965034965
2015-03-09,15:00,sh603636,南威软件,43.2,43.87,42.24,43.44,14052,60694880,-0.62,-1.407172038129823
2015-03-10,15:00,sh603636,南威软件,43.44,45.2,43.44,44.87,15968,70996760,1.43,3.2918968692449355
2015-03-11,15:00,sh603636,南威软件,44.89,44.89,43.71,43.98,15500,68626296,-0.89,-1.9835079117450407
2015-03-12,15:00,sh603636,南威软件,43.6,44.53,42.65,43.28,13717,59621868,-0.7,-1.5916325602546613
2015-03-13,15:00,sh603636,南威软件,43.48,46.8,43.48,46.12,31997,145246256,2.84,6.561922365988909
2015-03-16,15:00,sh603636,南威软件,46.81,50.55,46.81,49.68,40580,199054736,3.56,7.718993928881179
2015-03-17,15:00,sh603636,南威软件,49.77,49.93,48.67,49.19,28420,139975264,-0.49,-0.9863123993558776
2015-03-18,15:00,sh603636,南威软件,48.8,54.11,48.51,54.11,29048,153902864,4.92,10.002032933523074
2015-03-19,15:00,sh603636,南威软件,55.75,58.49,55.01,56.46,42162,238405376,2.35,4.34300498983552
2015-03-20,15:00,sh603636,南威软件,57.59,61.0,55.62,58.33,38014,222759184,1.87,3.312079348211123
2015-03-23,15:00,sh603636,南威软件,57.98,62.39,57.5,61.88,34817,209121824,3.55,6.086062060689183
2015-03-24,15:00,sh603636,南威软件,61.98,61.98,57.71,60.2,42248,252340544,-1.68,-2.7149321266968327
2015-03-25,15:00,sh603636,南威软件,59.7,64.34,59.2,61.87,35657,221435904,1.67,2.7740863787375414
2015-03-26,15:00,sh603636,南威软件,59.06,60.45,55.88,57.02,28288,164921472,-4.85,-7.839017294326814
2015-03-27,15:00,sh603636,南威软件,56.28,58.49,56.28,57.77,14854,85537840,0.75,1.3153279551034724
2015-03-30,15:00,sh603636,南威软件,56.72,57.98,55.0,56.11,16568,93235424,-1.66,-2.873463735502856
2015-03-31,15:00,sh603636,南威软件,56.1,57.7,55.9,57.0,13845,78935680,0.89,1.5861700231687754
2015-04-01,15:00,sh603636,南威软件,56.9,57.99,56.4,57.8,15051,86428960,0.8,1.4035087719298245
2015-04-02,15:00,sh603636,南威软件,58.28,60.18,58.01,59.03,19662,116400776,1.23,2.1280276816609
2015-04-03,15:00,sh603636,南威软件,58.51,59.58,58.05,59.57,19410,114443168,0.54,0.9147890902930712
2015-04-07,15:00,sh603636,南威软件,59.85,65.05,59.81,64.99,31558,198272176,5.42,9.098539533322144
2015-04-08,15:00,sh603636,南威软件,65.28,68.59,61.88,66.16,30340,198804832,1.17,1.800276965687029
2015-04-09,15:00,sh603636,南威软件,65.2,65.29,60.05,64.14,24080,151986640,-2.02,-3.053204353083434
2015-04-10,15:00,sh603636,南威软件,64.69,65.89,63.0,65.73,20969,136363280,1.59,2.4789522918615527
2015-04-13,15:00,sh603636,南威软件,64.0,69.73,63.0,66.2,32485,211982464,0.47,0.7150464019473604
2015-04-14,15:00,sh603636,南威软件,66.5,66.99,64.0,64.11,19631,128663016,-2.09,-3.1570996978851964
2015-04-15,15:00,sh603636,南威软件,63.41,63.41,57.8,57.99,21090,128742888,-6.12,-9.546092653252222
2015-04-16,15:00,sh603636,南威软件,58.0,61.95,58.0,60.03,15569,93955728,2.04,3.517847904811174
2015-04-17,15:00,sh603636,南威软件,59.8,60.35,58.1,58.19,19877,117128912,-1.84,-3.065134099616858
2015-04-20,15:00,sh603636,南威软件,57.51,58.67,56.33,56.52,15112,87172072,-1.67,-2.8699089190582576
2015-04-21,15:00,sh603636,南威软件,56.9,62.17,56.9,62.17,22843,137275584,5.65,9.996461429582448
2015-04-22,15:00,sh603636,南威软件,62.3,67.69,62.3,64.2,24703,160806400,2.03,3.26524046967991
2015-04-23,15:00,sh603636,南威软件,64.5,64.99,63.06,64.34,17792,114200760,0.14,0.2180685358255451
2015-04-24,15:00,sh603636,南威软件,62.94,70.35,62.5,69.53,41010,277857344,5.19,8.066521603978863
2015-04-27,15:00,sh603636,南威软件,68.99,72.5,67.6,68.59,27469,190346192,-0.94,-1.351934416798504
2015-04-28,15:00,sh603636,南威软件,68.5,69.1,62.72,64.15,25685,167109456,-4.44,-6.473246828983817
2015-04-29,15:00,sh603636,南威软件,64.0,68.0,63.0,67.13,21175,139929792,2.98,4.645362431800468
2015-04-30,15:00,sh603636,南威软件,66.88,70.0,66.0,66.07,25977,176074752,-1.06,-1.5790257708922986
2015-05-04,15:00,sh603636,南威软件,65.8,66.0,63.5,65.1,13371,86584736,-0.97,-1.4681398516724686
2015-05-05,15:00,sh603636,南威软件,65.49,65.5,62.55,63.43,12439,79810760,-1.67,-2.565284178187404
2015-05-06,15:00,sh603636,南威软件,64.48,67.58,63.67,65.01,23568,155115376,1.58,2.4909348888538547
2015-05-07,15:00,sh603636,南威软件,63.8,64.14,61.0,62.11,21028,131570480,-2.9,-4.460852176588218
2015-05-08,15:00,sh603636,南威软件,63.5,68.32,63.02,68.32,33384,221752640,6.21,9.998389953308646
2015-05-11,15:00,sh603636,南威软件,69.6,75.15,67.0,75.15,36425,257866176,6.83,9.997072599531617
2015-05-12,15:00,sh603636,南威软件,78.87,79.9,73.01,77.52,41811,322640768,2.37,3.153692614770459
2015-05-13,15:00,sh603636,南威软件,74.5,78.73,73.51,76.64,25829,196852208,-0.88,-1.1351909184726523
2015-05-14,15:00,sh603636,南威软件,76.2,82.88,75.75,79.97,28468,225813616,3.33,4.344989561586639
2015-05-15,15:00,sh603636,南威软件,78.0,80.48,75.02,77.78,21657,168420000,-2.19,-2.738526947605352
2015-05-18,15:00,sh603636,南威软件,77.75,84.0,77.31,83.65,24107,197013888,5.87,7.546927230650553
2015-05-19,15:00,sh603636,南威软件,83.65,88.54,80.91,82.5,22238,185767888,-1.15,-1.3747758517632995
2015-05-20,15:00,sh603636,南威软件,82.3,88.5,81.5,84.24,20289,173478944,1.74,2.109090909090909
2015-05-21,15:00,sh603636,南威软件,84.23,86.2,82.0,84.58,20784,174231216,0.34,0.4036087369420703
2015-05-22,15:00,sh603636,南威软件,86.0,87.77,79.58,83.55,23059,190063104,-1.03,-1.2177819815559234
2015-05-25,15:00,sh603636,南威软件,80.8,84.8,80.2,84.2,20622,170698704,0.65,0.7779772591262717
2015-05-26,15:00,sh603636,南威软件,85.0,92.53,84.2,90.19,32073,287247264,5.99,7.114014251781472
2015-05-27,15:00,sh603636,南威软件,89.0,99.08,87.01,98.11,35820,333167104,7.92,8.781461359352479
2015-05-28,15:00,sh603636,南威软件,97.0,106.5,91.0,92.3,36728,369845920,-5.81,-5.921924370604423
2015-05-29,15:00,sh603636,南威软件,92.5,97.48,87.1,94.22,26638,248347440,1.92,2.080173347778982
2015-06-01,15:00,sh603636,南威软件,93.62,95.98,92.0,94.95,19251,181316704,0.73,0.7747824241137763
2015-06-02,15:00,sh603636,南威软件,98.21,98.86,94.7,97.31,19129,185038656,2.36,2.4855186940494995
2015-06-03,15:00,sh603636,南威软件,97.0,97.0,91.58,93.84,17450,164299024,-3.47,-3.565923337786456
2015-06-04,15:00,sh603636,南威软件,93.88,94.5,84.46,88.46,23590,206735072,-5.38,-5.733162830349531
2015-06-05,15:00,sh603636,南威软件,90.3,92.45,87.46,89.27,15200,136787152,0.81,0.9156680985756274
2015-06-08,15:00,sh603636,南威软件,90.0,90.49,82.0,82.51,18325,155236000,-6.76,-7.572532765766775
2015-06-09,15:00,sh603636,南威软件,82.91,85.3,81.78,85.14,32450,269942592,2.63,3.1874924251605865
2015-06-10,15:00,sh603636,南威软件,83.44,88.45,82.02,86.73,22816,196310464,1.59,1.867512332628612
2015-06-11,15:00,sh603636,南威软件,86.56,87.32,85.09,86.51,17202,147828592,-0.22,-0.2536607863484376
2015-06-12,15:00,sh603636,南威软件,86.15,90.99,86.15,89.81,26621,236684000,3.3,3.814587908912265
2015-06-15,15:00,sh603636,南威软件,90.0,96.0,81.2,82.65,49497,417259008,-7.16,-7.972386148535798
2015-06-16,15:00,sh603636,南威软件,80.04,83.0,74.89,75.82,25271,196822560,-6.83,-8.263762855414399
2015-06-17,15:00,sh603636,南威软件,76.5,79.49,75.4,78.9,17470,135033072,3.08,4.062252703772091
2015-06-18,15:00,sh603636,南威软件,79.19,81.19,74.51,75.02,16301,127574224,-3.88,-4.917617237008872
2015-06-19,15:00,sh603636,南威软件,73.7,73.7,67.52,67.52,15207,107629256,-7.5,-9.997334044254863
2015-06-23,15:00,sh603636,南威软件,68.09,70.5,64.02,70.35,17301,118670736,2.83,4.1913507109004735
2015-06-24,15:00,sh603636,南威软件,71.4,73.4,69.26,71.39,16676,119212272,1.04,1.4783226723525231
2015-06-25,15:00,sh603636,南威软件,71.6,72.03,66.08,66.88,14705,102601040,-4.51,-6.317411402157165
2015-06-26,15:00,sh603636,南威软件,65.3,65.3,60.19,60.19,19883,123361448,-6.69,-10.00299043062201
2015-06-29,15:00,sh603636,南威软件,62.0,62.0,54.17,54.17,18952,107273992,-6.02,-10.001661405549097
2015-06-30,15:00,sh603636,南威软件,52.23,59.59,48.75,59.51,36216,196912528,5.34,9.857854901236848
2015-07-01,15:00,sh603636,南威软件,58.0,61.97,54.23,54.27,24334,143657632,-5.24,-8.805242816333388
2015-07-02,15:00,sh603636,南威软件,53.01,55.6,49.5,50.04,22726,118746680,-4.23,-7.79436152570481
2015-07-03,15:00,sh603636,南威软件,48.67,51.98,45.11,47.51,22593,108983784,-2.53,-5.055955235811351
2015-07-06,15:00,sh603636,南威软件,52.26,52.26,42.76,42.76,40628,187046752,-4.75,-9.997895179962113
2015-07-07,15:00,sh603636,南威软件,40.01,40.01,38.48,38.48,11687,45360416,-4.28,-10.009354536950422
2015-07-08,15:00,sh603636,南威软件,34.63,34.63,34.63,34.63,3113,10780319,-3.85,-10.005197505197504
2015-07-13,15:00,sh603636,南威软件,38.09,38.09,38.09,38.09,1033,3934697,3.46,9.991336991048223
2015-07-14,15:00,sh603636,南威软件,41.9,41.9,41.9,41.9,298,1249039,3.81,10.002625360987135
2015-07-15,15:00,sh603636,南威软件,46.09,46.09,43.19,43.35,78519,355273632,1.45,3.4606205250596656
2015-07-16,15:00,sh603636,南威软件,39.59,47.6,39.59,45.98,44534,197260784,2.63,6.066897347174164
2015-07-17,15:00,sh603636,南威软件,46.1,50.58,45.48,50.57,40184,195363952,4.59,9.98260113092649
2015-07-20,15:00,sh603636,南威软件,50.48,55.63,49.8,55.63,49059,259867056,5.06,10.005932370970932
2015-07-21,15:00,sh603636,南威软件,56.1,60.1,55.0,57.13,39387,228174464,1.5,2.6963868416322128
2015-07-22,15:00,sh603636,南威软件,56.01,59.6,55.56,58.31,29567,170625904,1.18,2.065464729564152
2015-07-23,15:00,sh603636,南威软件,58.6,63.9,57.25,61.8,28473,172211136,3.49,5.985251243354485
2015-07-24,15:00,sh603636,南威软件,61.2,64.29,59.0,60.76,31371,194725392,-1.04,-1.6828478964401297
2015-07-27,15:00,sh603636,南威软件,58.5,61.38,54.68,54.68,24320,142254640,-6.08,-10.00658327847268
2015-07-28,15:00,sh603636,南威软件,49.21,52.35,49.21,49.21,43470,216338576,-5.47,-10.003657644476958
2015-07-29,15:00,sh603636,南威软件,49.5,52.22,44.51,52.0,52919,255277168,2.79,5.669579353789881
2015-07-30,15:00,sh603636,南威软件,51.0,53.9,49.86,50.16,45052,232935296,-1.84,-3.5384615384615383
2015-07-31,15:00,sh603636,南威软件,48.0,50.7,46.58,47.35,27094,130916648,-2.81,-5.60207336523126
2015-08-03,15:00,sh603636,南威软件,46.43,47.37,43.02,44.97,27545,124312368,-2.38,-5.026399155227033
2015-08-04,15:00,sh603636,南威软件,45.21,49.47,45.21,49.47,37244,178892000,4.5,10.00667111407605
2015-08-05,15:00,sh603636,南威软件,49.61,51.67,48.66,49.51,34989,175365408,0.04,0.080857085102082
2015-08-06,15:00,sh603636,南威软件,48.0,51.28,47.41,49.66,26936,133025736,0.15,0.3029690971520904
2015-08-07,15:00,sh603636,南威软件,50.46,53.74,49.7,53.6,36583,189987632,3.94,7.933950865888038
2015-08-10,15:00,sh603636,南威软件,53.7,57.18,53.01,56.06,34211,186480384,2.46,4.58955223880597
2015-08-11,15:00,sh603636,南威软件,55.4,56.56,54.02,55.03,28747,159689104,-1.03,-1.837317160185516
2015-08-12,15:00,sh603636,南威软件,55.0,56.3,53.48,53.81,25984,143184368,-1.22,-2.2169725604215884
2015-08-13,15:00,sh603636,南威软件,53.8,58.5,53.51,58.2,33924,189208496,4.39,8.158334881992195
2015-08-14,15:00,sh603636,南威软件,58.23,60.9,56.41,56.59,34285,200416320,-1.61,-2.7663230240549828
2015-08-17,15:00,sh603636,南威软件,56.8,57.98,55.84,57.03,23475,133334856,0.44,0.7775225304824174
2015-08-18,15:00,sh603636,南威软件,57.43,57.97,51.33,51.33,28054,154064336,-5.7,-9.994739610731196
2015-08-19,15:00,sh603636,南威软件,48.9,53.0,46.29,52.13,29983,148646448,0.8,1.5585427625170467
2015-08-20,15:00,sh603636,南威软件,51.5,54.79,50.7,50.86,22942,120700800,-1.27,-2.436217149434107
2015-08-21,15:00,sh603636,南威软件,48.99,50.9,46.2,46.47,18060,87863904,-4.39,-8.631537554069995
2015-08-24,15:00,sh603636,南威软件,43.97,44.79,41.82,41.82,12091,51270784,-4.65,-10.00645577792124
2015-08-25,15:00,sh603636,南威软件,37.64,39.99,37.64,37.64,18592,71183144,-4.18,-9.995217599234817
2015-08-26,15:00,sh603636,南威软件,38.1,40.5,36.17,37.14,29710,114603000,-0.5,-1.3283740701381508
2015-08-27,15:00,sh603636,南威软件,38.5,39.5,36.2,39.21,19642,75398952,2.07,5.573505654281099
2015-08-28,15:00,sh603636,南威软件,39.85,42.98,39.22,42.32,20452,82989296,3.11,7.931650089262943
2015-08-31,15:00,sh603636,南威软件,41.5,41.5,38.42,38.65,18471,74091904,-3.67,-8.672022684310019
2015-09-01,15:00,sh603636,南威软件,37.58,38.6,34.79,34.79,22394,79489360,-3.86,-9.98706338939198
2015-09-02,15:00,sh603636,南威软件,32.66,36.13,32.0,32.63,17970,61035516,-2.16,-6.208680655360736
2015-09-07,15:00,sh603636,南威软件,33.78,35.33,33.3,34.31,18002,61930712,1.68,5.148636224333435
2015-09-08,15:00,sh603636,南威软件,33.5,37.68,33.0,37.15,19766,70075048,2.84,8.277470125327893
2015-09-09,15:00,sh603636,南威软件,37.5,39.6,37.21,39.24,24869,96150304,2.09,5.6258411843876175
2015-09-10,15:00,sh603636,南威软件,38.28,38.93,38.0,38.06,15423,59286680,-1.18,-3.0071355759429155
2015-09-11,15:00,sh603636,南威软件,38.2,39.98,38.06,39.55,19761,77472632,1.49,3.914871255911719
2015-09-14,15:00,sh603636,南威软件,39.92,40.55,35.6,35.6,17758,67489696,-3.95,-9.987357774968396
2015-09-15,15:00,sh603636,南威软件,33.6,35.0,32.04,32.39,20169,67798080,-3.21,-9.016853932584269
2015-09-16,15:00,sh603636,南威软件,32.84,35.63,32.84,35.63,16048,54769936,3.24,10.00308737264588
2015-09-17,15:00,sh603636,南威软件,35.63,39.19,34.92,36.9,30824,116112496,1.27,3.564412012349144
2015-09-18,15:00,sh603636,南威软件,38.31,40.59,37.23,40.59,39967,156152608,3.69,10.0
2015-09-21,15:00,sh603636,南威软件,40.31,42.04,39.5,42.01,38670,158508256,1.42,3.49839862034984
2015-09-22,15:00,sh603636,南威软件,41.9,42.12,40.05,41.17,31415,129801448,-0.84,-1.9995239228755055
2015-09-23,15:00,sh603636,南威软件,40.06,42.49,40.05,41.56,28432,117890728,0.39,0.9472917172698566
2015-09-24,15:00,sh603636,南威软件,41.52,42.88,41.0,41.6,19928,83519760,0.04,0.0962463907603465
2015-09-25,15:00,sh603636,南威软件,41.22,41.85,38.45,38.89,24036,96264576,-2.71,-6.5144230769230775
2015-09-28,15:00,sh603636,南威软件,38.2,42.0,38.2,41.87,20558,83071840,2.98,7.662638210336848
2015-09-29,15:00,sh603636,南威软件,40.99,41.65,40.29,41.41,18852,77403016,-0.46,-1.09863864342011
2015-09-30,15:00,sh603636,南威软件,41.33,41.89,40.4,41.37,14536,60197804,-0.04,-0.0965950253561941
2015-10-08,15:00,sh603636,南威软件,42.99,44.9,42.0,44.18,23887,104185912,2.81,6.79236161469664
2015-10-09,15:00,sh603636,南威软件,43.88,44.43,43.38,44.01,19761,86740024,-0.17,-0.3847894975101856
2015-10-12,15:00,sh603636,南威软件,44.11,47.5,44.11,46.81,21809,100834992,2.8,6.362190411270166
2015-10-13,15:00,sh603636,南威软件,46.5,48.6,46.15,48.55,22812,108924200,1.74,3.717154454176458
2015-10-14,15:00,sh603636,南威软件,47.96,48.45,46.76,46.99,20358,96704872,-1.56,-3.213182286302781
2015-10-15,15:00,sh603636,南威软件,46.32,51.66,46.22,51.43,32553,160482560,4.44,9.448818897637794
2015-10-16,15:00,sh603636,南威软件,50.98,51.66,49.5,50.97,25790,130435048,-0.46,-0.8944195994555707
2015-10-19,15:00,sh603636,南威软件,51.0,51.13,48.6,50.02,18404,91958728,-0.95,-1.863841475377673
2015-10-20,15:00,sh603636,南威软件,50.51,52.89,49.76,52.46,24357,126605600,2.44,4.878048780487805
2015-10-21,15:00,sh603636,南威软件,52.09,52.41,47.21,47.31,32410,161963136,-5.15,-9.817003431185665
2015-10-22,15:00,sh603636,南威软件,47.5,49.88,47.49,49.31,24792,121073640,2.0,4.227436060029592
2015-10-23,15:00,sh603636,南威软件,50.0,53.65,49.9,52.9,35996,186894784,3.59,7.280470492800648
2015-10-26,15:00,sh603636,南威软件,53.51,57.24,51.7,55.53,30316,165694176,2.63,4.9716446124763705
2015-10-27,15:00,sh603636,南威软件,54.2,56.95,52.06,56.61,23171,126573496,1.08,1.9448946515397083
2015-10-28,15:00,sh603636,南威软件,56.5,56.5,52.88,53.88,16811,92411528,-2.73,-4.822469528351881
2015-10-29,15:00,sh603636,南威软件,54.32,54.99,52.5,53.37,16484,88707640,-0.51,-0.9465478841870824
2015-10-30,15:00,sh603636,南威软件,53.3,56.8,51.58,54.93,29679,161376672,1.56,2.9229904440697023
2015-11-02,15:00,sh603636,南威软件,53.1,60.42,53.1,58.78,41021,240792352,3.85,7.008920444201712
2015-11-03,15:00,sh603636,南威软件,58.5,63.1,58.1,61.13,35804,216468096,2.35,3.997958489282068
2015-11-04,15:00,sh603636,南威软件,61.98,67.11,60.79,65.94,32465,205805488,4.81,7.868477016194994
2015-11-05,15:00,sh603636,南威软件,65.3,72.0,65.13,67.76,35207,240252800,1.82,2.760084925690021
2015-11-06,15:00,sh603636,南威软件,66.5,70.0,66.5,69.15,29777,202349328,1.39,2.051357733175915
2015-11-09,15:00,sh603636,南威软件,68.0,76.07,67.8,76.07,35737,260688096,6.92,10.007230657989878
2015-11-10,15:00,sh603636,南威软件,76.31,82.88,74.0,78.69,35927,281684032,2.62,3.444196135138688
2015-11-11,15:00,sh603636,南威软件,77.1,85.0,76.43,84.13,34144,276805184,5.44,6.913203710763756
2015-11-12,15:00,sh603636,南威软件,84.99,85.2,80.0,82.73,39438,325901664,-1.4,-1.6640912872934743
2015-11-13,15:00,sh603636,南威软件,79.99,81.94,74.46,74.46,46689,358820800,-8.27,-9.996373745920463
2015-11-16,15:00,sh603636,南威软件,71.62,81.91,71.62,81.91,39733,312829920,7.45,10.005372011818428
2015-11-17,15:00,sh603636,南威软件,83.3,88.2,82.19,82.63,42877,368729088,0.72,0.8790135514589184
2015-11-18,15:00,sh603636,南威软件,81.65,84.5,76.0,80.93,26462,212963312,-1.7,-2.0573641534551617
2015-11-19,15:00,sh603636,南威软件,81.0,89.02,81.0,89.02,32462,279657984,8.09,9.996293092796243
2015-11-20,15:00,sh603636,南威软件,92.95,97.92,90.1,97.92,40871,387196704,8.9,9.997753313862054
2015-11-23,15:00,sh603636,南威软件,96.0,104.9,94.5,99.31,37356,368215904,1.39,1.4195261437908495
2015-11-24,15:00,sh603636,南威软件,102.5,109.24,102.11,109.24,28382,305817056,9.93,9.998993052059207
2015-11-25,15:00,sh603636,南威软件,118.99,118.99,105.0,113.23,44925,503141056,3.99,3.652508238740388
2015-11-26,15:00,sh603636,南威软件,110.44,113.2,104.4,107.15,28537,310668864,-6.08,-5.369601695663693
2015-11-27,15:00,sh603636,南威软件,104.98,109.6,97.01,101.43,30873,317933824,-5.72,-5.3383107792813815
2015-11-30,15:00,sh603636,南威软件,102.8,110.48,98.01,109.09,35167,364490496,7.66,7.5520063097702845
2015-12-01,15:00,sh603636,南威软件,107.0,107.84,98.18,98.18,27505,283393728,-10.91,-10.00091667430562
2015-12-02,15:00,sh603636,南威软件,94.0,95.86,89.0,90.79,33792,310128288,-7.39,-7.526991240578528
2015-12-03,15:00,sh603636,南威软件,92.0,94.98,90.91,94.36,22098,206638704,3.57,3.932151117964534
2015-12-04,15:00,sh603636,南威软件,94.67,96.33,90.22,91.61,23580,221325840,-2.75,-2.91437049597287
2015-12-07,15:00,sh603636,南威软件,94.41,100.77,92.75,100.5,31357,301519520,8.89,9.70418076629189
2015-12-08,15:00,sh603636,南威软件,98.0,105.0,95.17,100.9,29896,300148800,0.4,0.3980099502487562
2015-12-09,15:00,sh603636,南威软件,102.0,110.2,102.0,107.55,32915,354418656,6.65,6.590683845391476
2015-12-10,15:00,sh603636,南威软件,105.03,112.5,101.51,108.0,29436,314991904,0.45,0.4184100418410041
2015-12-11,15:00,sh603636,南威软件,106.62,113.39,100.01,101.1,18530,196969104,-6.9,-6.388888888888888
2015-12-14,15:00,sh603636,南威软件,97.0,104.95,93.62,104.11,19255,187171664,3.01,2.9772502472799207
2015-12-15,15:00,sh603636,南威软件,103.86,109.8,101.0,104.87,14393,153815536,0.76,0.7299971184324272
2015-12-16,15:00,sh603636,南威软件,105.69,115.06,105.69,113.92,23080,255743232,9.05,8.629732049203776
2015-12-17,15:00,sh603636,南威软件,113.1,124.95,111.5,119.81,22222,261608432,5.89,5.170294943820225
2015-12-18,15:00,sh603636,南威软件,118.5,124.5,116.2,116.57,13775,165118896,-3.24,-2.704281779484184
2015-12-21,15:00,sh603636,南威软件,117.2,124.0,112.5,114.79,14036,165422032,-1.78,-1.526979497297761
2015-12-22,15:00,sh603636,南威软件,113.5,114.0,108.02,112.91,22393,247657632,-1.88,-1.6377733252025437
2015-12-23,15:00,sh603636,南威软件,110.98,115.9,110.1,111.37,17902,203325664,-1.54,-1.3639181649101055
2015-12-24,15:00,sh603636,南威软件,108.0,114.48,107.33,113.99,15774,176731360,2.62,2.352518631588399
2015-12-25,15:00,sh603636,南威软件,113.4,114.08,102.66,107.83,24825,268173008,-6.16,-5.403982805509255
2015-12-28,15:00,sh603636,南威软件,107.83,108.0,101.5,102.26,16520,172361856,-5.57,-5.165538347398683
2015-12-29,15:00,sh603636,南威软件,100.8,102.97,96.0,98.47,19449,190527216,-3.79,-3.706238998630941
2015-12-30,15:00,sh603636,南威软件,99.1,102.49,96.22,98.47,29377,292097984,0.0,0.0
2015-12-31,15:00,sh603636,南威软件,98.94,100.7,94.2,97.82,18165,175947904,-0.65,-0.6600995226972682
2016-01-04,15:00,sh603636,南威软件,95.23,97.35,88.04,88.04,16896,155295408,-9.78,-9.997955428337765
2016-01-05,15:00,sh603636,南威软件,82.0,90.5,80.2,86.43,21227,183238688,-1.61,-1.8287142208087237
2016-01-06,15:00,sh603636,南威软件,87.33,89.8,83.16,89.4,22147,192472960,2.97,3.4363068379035058
2016-01-07,15:00,sh603636,南威软件,85.99,88.01,80.46,80.46,4868,41300736,-8.94,-10.0
2016-01-08,15:00,sh603636,南威软件,84.0,87.99,76.01,82.24,46046,382867904,1.78,2.212279393487447
2016-01-11,15:00,sh603636,南威软件,78.74,83.0,74.05,74.06,24399,190998752,-8.18,-9.946498054474707
2016-01-12,15:00,sh603636,南威软件,75.0,76.17,72.6,73.1,25197,187180704,-0.96,-1.296246286794491
2016-01-13,15:00,sh603636,南威软件,72.94,74.0,65.79,65.79,30368,210662848,-7.31,-10.0
2016-01-14,15:00,sh603636,南威软件,62.5,70.9,61.5,69.68,33628,224753888,3.89,5.912752697978417
2016-01-15,15:00,sh603636,南威软件,68.0,69.21,64.55,65.6,26278,175349584,-4.08,-5.855338691159587
2016-01-18,15:00,sh603636,南威软件,64.82,70.9,63.0,69.37,28809,196508160,3.77,5.746951219512195
2016-01-19,15:00,sh603636,南威软件,68.51,73.87,67.96,73.72,26946,192235936,4.35,6.270722214213636
2016-01-20,15:00,sh603636,南威软件,72.39,73.0,70.3,70.8,35230,252306176,-2.92,-3.96093326098752
2016-01-21,15:00,sh603636,南威软件,70.39,74.3,69.0,69.86,27462,197353280,-0.94,-1.327683615819209
2016-01-22,15:00,sh603636,南威软件,69.85,71.99,67.8,71.02,27877,195541632,1.16,1.6604637847122818
2016-01-25,15:00,sh603636,南威软件,72.0,74.08,70.15,71.53,19079,138085696,0.51,0.7181075753308926
2016-01-26,15:00,sh603636,南威软件,70.59,70.59,64.38,64.41,20158,135725680,-7.12,-9.953865510974415
2016-01-27,15:00,sh603636,南威软件,65.0,66.93,64.34,66.01,31769,207312208,1.6,2.484086321999689
2016-01-28,15:00,sh603636,南威软件,66.04,67.89,60.7,60.83,20483,133204000,-5.18,-7.84729586426299
2016-01-29,15:00,sh603636,南威软件,60.02,66.15,57.0,64.46,19983,124427632,3.63,5.967450271247739
2016-02-01,15:00,sh603636,南威软件,63.0,63.88,59.0,60.49,20101,123838192,-3.97,-6.158858206639777
2016-02-02,15:00,sh603636,南威软件,61.0,66.54,60.5,65.02,20397,131964752,4.53,7.488841130765415
2016-02-03,15:00,sh603636,南威软件,64.0,65.93,63.18,65.31,13322,85599296,0.29,0.4460166102737619
2016-02-04,15:00,sh603636,南威软件,65.93,71.45,65.93,67.86,21312,147210640,2.55,3.904455672944419
2016-02-05,15:00,sh603636,南威软件,68.98,70.5,66.88,67.03,10946,74816632,-0.83,-1.2231063955201886
2016-02-15,15:00,sh603636,南威软件,63.5,66.76,63.05,65.99,12095,78578688,-1.04,-1.551544084738177
2016-02-16,15:00,sh603636,南威软件,66.82,71.5,66.79,70.09,17944,125466088,4.1,6.213062585240188
2016-02-17,15:00,sh603636,南威软件,70.0,71.7,68.01,71.63,20770,145774496,1.54,2.1971750606363245
2016-02-18,15:00,sh603636,南威软件,71.0,71.66,69.45,69.95,19375,136679888,-1.68,-2.3453860114477174
2016-02-19,15:00,sh603636,南威软件,69.03,72.55,69.03,71.17,16988,120374552,1.22,1.7441029306647606
2016-02-22,15:00,sh603636,南威软件,72.6,73.5,69.84,71.14,26510,188839280,-0.03,-0.0421525923844316
2016-02-23,15:00,sh603636,南威软件,70.98,71.0,67.76,68.96,18783,129993752,-2.18,-3.064380095586168
2016-02-24,15:00,sh603636,南威软件,68.88,69.34,62.47,65.74,31475,204757488,-3.22,-4.669373549883991
2016-02-25,15:00,sh603636,南威软件,64.89,64.98,59.17,59.17,29034,178628992,-6.57,-9.993915424399148
2016-02-26,15:00,sh603636,南威软件,59.71,60.97,56.02,58.16,20028,117919624,-1.01,-1.7069460875443636
2016-02-29,15:00,sh603636,南威软件,57.25,57.4,52.34,52.34,16750,89310984,-5.82,-10.006877579092158
2016-03-01,15:00,sh603636,南威软件,52.25,52.78,48.46,51.99,35232,179256496,-0.35,-0.6687046236148261
2016-03-02,15:00,sh603636,南威软件,51.47,54.5,51.08,54.0,39494,209748720,2.01,3.866128101557992
2016-03-03,15:00,sh603636,南威软件,54.2,59.4,54.2,59.4,50163,290812704,5.4,10.0
2016-03-04,15:00,sh603636,南威软件,58.22,59.78,53.72,53.98,48295,273253600,-5.42,-9.124579124579125
2016-03-07,15:00,sh603636,南威软件,54.15,57.6,54.11,55.15,31332,175658912,1.17,2.167469433123379
2016-03-08,15:00,sh603636,南威软件,55.0,55.18,50.0,54.51,27634,145713600,-0.64,-1.1604714415231188
2016-03-09,15:00,sh603636,南威软件,51.98,54.35,51.0,52.3,16914,89294024,-2.21,-4.05430196294258
2016-03-10,15:00,sh603636,南威软件,52.29,53.37,51.57,52.07,14153,74240504,-0.23,-0.4397705544933079
2016-03-11,15:00,sh603636,南威软件,51.0,53.88,50.07,52.88,19383,101541008,0.81,1.555598233147686
2016-03-14,15:00,sh603636,南威软件,54.07,58.17,53.88,56.54,35848,203457680,3.66,6.921331316187594
2016-03-15,15:00,sh603636,南威软件,56.0,56.49,54.52,54.6,23444,129753872,-1.94,-3.431199151043509
2016-03-16,15:00,sh603636,南威软件,55.81,56.0,52.82,53.63,18712,101744552,-0.97,-1.7765567765567765
2016-03-17,15:00,sh603636,南威软件,53.99,57.7,53.51,57.66,32780,184464288,4.03,7.514450867052023
2016-03-18,15:00,sh603636,南威软件,57.67,63.43,57.18,63.43,54592,333264256,5.77,10.006937218175512
2016-03-21,15:00,sh603636,南威软件,64.95,66.66,64.0,66.06,43557,284886560,2.63,4.146303011193442
2016-03-22,15:00,sh603636,南威软件,65.01,66.15,63.57,64.95,22278,144439344,-1.11,-1.6802906448683013
2016-03-23,15:00,sh603636,南威软件,65.0,70.37,64.1,69.85,39362,265260320,4.9,7.544264819091609
2016-03-24,15:00,sh603636,南威软件,67.9,70.03,67.35,68.68,40409,277513472,-1.17,-1.6750178954903363
2016-03-25,15:00,sh603636,南威软件,67.17,68.99,65.7,67.43,23476,157594016,-1.25,-1.8200349446709376
2016-03-28,15:00,sh603636,南威软件,67.71,71.52,65.0,65.49,35250,240398256,-1.94,-2.877057689455732
2016-03-29,15:00,sh603636,南威软件,65.49,65.74,61.88,63.09,36637,232264496,-2.4,-3.664681630783326
2016-03-30,15:00,sh603636,南威软件,61.6,65.89,60.18,65.55,57255,360288576,2.46,3.899191631003328
2016-03-31,15:00,sh603636,南威软件,65.0,67.49,63.82,63.88,41053,270015648,-1.67,-2.547673531655225
2016-04-01,15:00,sh603636,南威软件,63.0,63.46,60.6,62.29,33338,206033408,-1.59,-2.4890419536631185
2016-04-05,15:00,sh603636,南威软件,61.6,66.6,61.6,65.78,38947,251325920,3.49,5.602825493658694
2016-04-06,15:00,sh603636,南威软件,65.3,66.87,64.13,65.79,31538,206765120,0.01,0.0152021891152325
2016-04-07,15:00,sh603636,南威软件,67.58,69.0,64.65,65.11,46413,309779552,-0.68,-1.03359173126615
2016-04-08,15:00,sh603636,南威软件,64.02,64.08,62.32,63.53,27490,173657744,-1.58,-2.426662571033636
2016-04-11,15:00,sh603636,南威软件,63.91,66.35,63.91,65.4,28273,185029504,1.87,2.9434912639697783
2016-04-12,15:00,sh603636,南威软件,65.2,66.5,63.5,65.34,25415,164609056,-0.06,-0.091743119266055
2016-04-13,15:00,sh603636,南威软件,65.58,69.6,65.58,66.87,44490,300170336,1.53,2.3415977961432506
2016-04-14,15:00,sh603636,南威软件,67.15,68.45,66.15,68.17,29038,195557584,1.3,1.9440705847166144
2016-04-15,15:00,sh603636,南威软件,68.0,69.44,67.0,67.98,28953,197530768,-0.19,-0.2787149772627255
2016-04-18,15:00,sh603636,南威软件,66.54,66.54,64.6,64.86,24685,160972208,-3.12,-4.5895851721094445
2016-04-19,15:00,sh603636,南威软件,65.48,65.78,64.03,65.05,18092,117372008,0.19,0.2929386370644465
2016-04-20,15:00,sh603636,南威软件,65.5,66.18,58.55,58.55,37944,232482192,-6.5,-9.992313604919293
2016-04-21,15:00,sh603636,南威软件,57.91,58.5,55.0,55.67,21985,126087744,-2.88,-4.918872758326217
2016-04-22,15:00,sh603636,南威软件,55.38,57.22,54.72,57.15,18296,102795736,1.48,2.658523441710077
2016-04-25,15:00,sh603636,南威软件,56.9,56.9,55.0,56.09,15023,83948208,-1.06,-1.8547681539807528
2016-04-26,15:00,sh603636,南威软件,56.0,57.2,55.6,57.08,13944,78936480,0.99,1.765020502763416
2016-04-27,15:00,sh603636,南威软件,56.0,56.99,55.45,55.94,17933,100718360,-1.14,-1.9971969166082693
2016-04-28,15:00,sh603636,南威软件,55.7,57.58,53.2,57.01,26988,149259504,1.07,1.912763675366464
2016-04-29,15:00,sh603636,南威软件,56.08,56.5,54.83,55.31,18943,105576264,-1.7,-2.981932994211542
2016-05-03,15:00,sh603636,南威软件,55.3,59.97,54.54,59.77,25617,146246384,4.46,8.063641294521787
2016-05-04,15:00,sh603636,南威软件,58.9,60.11,58.25,58.69,22229,131388488,-1.08,-1.8069265517818305
2016-05-05,15:00,sh603636,南威软件,58.68,59.58,57.6,59.2,15257,89706632,0.51,0.8689725677287442
2016-05-06,15:00,sh603636,南威软件,59.0,59.56,53.53,54.12,29201,165212672,-5.08,-8.58108108108108
2016-05-09,15:00,sh603636,南威软件,53.0,53.0,51.51,52.15,19531,102120824,-1.97,-3.640059127864006
2016-05-10,15:00,sh603636,南威软件,51.88,53.98,51.75,52.78,15542,82432368,0.63,1.2080536912751678
2016-05-11,15:00,sh603636,南威软件,53.25,53.65,51.67,52.13,12554,66079772,-0.65,-1.2315270935960592
2016-05-12,15:00,sh603636,南威软件,51.5,52.55,50.2,52.0,11216,57759336,-0.13,-0.2493765586034912
2016-05-13,15:00,sh603636,南威软件,51.97,52.7,50.58,51.01,13862,71447656,-0.99,-1.903846153846154
2016-05-16,15:00,sh603636,南威软件,51.36,52.45,50.75,52.13,13574,69804048,1.12,2.1956479121740835
2016-05-17,15:00,sh603636,南威软件,52.01,53.59,51.2,52.86,19286,100970984,0.73,1.4003452906196048
2016-05-18,15:00,sh603636,南威软件,52.1,52.28,50.7,51.64,16330,83738424,-1.22,-2.3079833522512296
2016-05-19,15:00,sh603636,南威软件,51.8,54.48,51.7,53.02,25665,137039888,1.38,2.672347017815647
2016-05-20,15:00,sh603636,南威软件,52.11,54.6,52.01,54.36,18633,99900840,1.34,2.5273481705016976
2016-05-23,15:00,sh603636,南威软件,54.9,56.5,54.36,55.48,20456,113347696,1.12,2.060338484179544
2016-05-24,15:00,sh603636,南威软件,55.1,55.85,54.44,55.32,15990,87948480,-0.16,-0.2883922134102379
2016-05-25,15:00,sh603636,南威软件,55.9,57.1,54.01,54.98,15843,88707632,-0.34,-0.6146059291395517
2016-05-26,15:00,sh603636,南威软件,54.65,56.5,53.66,56.22,16069,88400392,1.24,2.2553655874863585
2016-05-27,15:00,sh603636,南威软件,56.2,56.51,55.68,56.02,11523,64698712,-0.2,-0.3557452863749555
2016-05-30,15:00,sh603636,南威软件,55.16,56.5,55.0,55.55,9930,55375024,-0.47,-0.8389860764012852
2016-05-31,15:00,sh603636,南威软件,55.6,61.11,55.6,61.11,41462,247101632,5.56,10.00900090009001
2016-06-01,15:00,sh603636,南威软件,61.87,62.58,60.8,61.33,29907,183551088,0.22,0.3600065455735559
2016-06-02,15:00,sh603636,南威软件,61.36,63.58,61.33,62.66,20524,128136568,1.33,2.1685961193543126
2016-06-03,15:00,sh603636,南威软件,62.7,63.65,61.57,62.41,21156,132601328,-0.25,-0.3989786147462495
2016-06-06,15:00,sh603636,南威软件,62.4,63.21,62.01,62.65,14579,91261528,0.24,0.3845537574106714
2016-06-07,15:00,sh603636,南威软件,62.41,64.05,62.0,63.85,20171,126906832,1.2,1.9154030327214684
2016-06-08,15:00,sh603636,南威软件,63.4,64.0,62.2,63.06,16187,102205608,-0.79,-1.2372748629600627
2016-06-13,15:00,sh603636,南威软件,61.94,62.6,56.75,56.75,21217,127013552,-6.31,-10.006343165239455
2016-06-14,15:00,sh603636,南威软件,56.3,57.5,56.0,57.12,10468,59578980,0.37,0.6519823788546255
2016-06-15,15:00,sh603636,南威软件,56.99,61.22,56.21,60.36,15765,94186544,3.24,5.6722689075630255
2016-06-16,15:00,sh603636,南威软件,60.51,61.48,59.88,60.66,13871,84240520,0.3,0.4970178926441352
2016-06-17,15:00,sh603636,南威软件,60.95,63.4,60.95,61.72,14013,87495920,1.06,1.7474447741510055
2016-06-20,15:00,sh603636,南威软件,62.5,64.6,61.21,63.66,18178,114886576,1.94,3.143227478937136
2016-06-21,15:00,sh603636,南威软件,64.21,65.1,61.8,62.31,16948,106872272,-1.35,-2.1206409048067862
2016-06-22,15:00,sh603636,南威软件,61.9,63.97,61.9,63.91,15939,100544920,1.6,2.5678061306371367
2016-06-23,15:00,sh603636,南威软件,63.7,68.5,63.51,67.36,32000,214201904,3.45,5.398216241589736
2016-06-24,15:00,sh603636,南威软件,67.47,67.59,63.0,66.54,26060,172856160,-0.82,-1.2173396674584325
2016-06-27,15:00,sh603636,南威软件,65.2,70.8,65.18,68.98,46226,319869632,2.44,3.666967237751728
2016-06-28,15:00,sh603636,南威软件,69.5,71.5,69.0,69.89,30476,214090864,0.91,1.3192229631777326
2016-06-29,15:00,sh603636,南威软件,70.33,70.4,68.51,69.07,20620,142730144,-0.82,-1.173272285019316
2016-06-30,15:00,sh603636,南威软件,70.01,70.39,68.38,69.0,16149,111581576,-0.07,-0.1013464601129289
2016-07-01,15:00,sh603636,南威软件,69.09,70.97,68.29,68.33,17763,123419040,-0.67,-0.9710144927536232
2016-07-04,15:00,sh603636,南威软件,67.13,69.99,66.62,68.69,18881,130087112,0.36,0.5268549685350504
2016-07-05,15:00,sh603636,南威软件,69.0,69.55,67.3,68.29,24882,169746288,-0.4,-0.5823263939438055
2016-07-06,15:00,sh603636,南威软件,67.9,69.95,67.44,69.2,19197,132322552,0.91,1.3325523502709036
2016-07-07,15:00,sh603636,南威软件,69.0,72.98,68.5,71.35,24424,172026560,2.15,3.106936416184971
2016-07-08,15:00,sh603636,南威软件,71.2,71.94,70.01,70.72,16206,115029944,-0.63,-0.8829712683952348
2016-07-11,15:00,sh603636,南威软件,70.38,70.75,68.5,69.59,19547,135821328,-1.13,-1.5978506787330315
2016-07-12,15:00,sh603636,南威软件,69.31,76.5,66.41,74.26,38390,274303808,4.67,6.710734300905302
2016-07-13,15:00,sh603636,南威软件,74.0,78.5,73.7,76.4,23104,174505872,2.14,2.881766765418799
2016-07-14,15:00,sh603636,南威软件,75.9,76.0,74.35,74.91,11303,84973112,-1.49,-1.950261780104712
2016-07-15,15:00,sh603636,南威软件,75.2,76.9,74.38,74.42,9650,72732888,-0.49,-0.6541182752636497
2016-07-18,15:00,sh603636,南威软件,74.0,75.5,73.01,73.85,9911,73860160,-0.57,-0.7659231389411448
2016-07-19,15:00,sh603636,南威软件,74.84,74.99,73.4,74.51,6888,51184276,0.66,0.8937034529451592
2016-07-20,15:00,sh603636,南威软件,74.38,76.5,74.31,75.84,10496,79089776,1.33,1.7849953026439405
2016-07-21,15:00,sh603636,南威软件,75.75,79.1,74.5,77.21,15932,122023336,1.37,1.8064345991561184
2016-07-22,15:00,sh603636,南威软件,77.73,79.95,76.09,77.97,21690,170033008,0.76,0.9843284548633596
2016-07-25,15:00,sh603636,南威软件,80.99,80.99,72.65,72.89,30194,227105920,-5.08,-6.5153264075926645
2016-07-26,15:00,sh603636,南威软件,72.78,75.58,70.23,74.88,20805,152629856,1.99,2.730141308821512
2016-07-27,15:00,sh603636,南威软件,75.0,75.95,70.8,71.86,19364,141460976,-3.02,-4.033119658119658
2016-07-28,15:00,sh603636,南威软件,72.53,73.16,68.2,71.76,17068,120973848,-0.1,-0.1391594767603673
2016-07-29,15:00,sh603636,南威软件,71.76,72.48,70.01,70.32,6840,48495716,-1.44,-2.0066889632107023
2016-08-01,15:00,sh603636,南威软件,68.5,71.5,68.0,71.0,11270,78303016,0.68,0.9670079635949944
2016-08-02,15:00,sh603636,南威软件,72.0,72.0,69.5,71.63,6475,45687160,0.63,0.8873239436619718
2016-08-03,15:00,sh603636,南威软件,71.8,71.8,70.65,71.56,4881,34747116,-0.07,-0.0977244171436548
2016-08-04,15:00,sh603636,南威软件,71.36,72.5,71.03,72.41,7578,54460468,0.85,1.1878144214645054
2016-08-05,15:00,sh603636,南威软件,72.02,73.0,71.6,72.07,4431,32024076,-0.34,-0.469548404916448
2016-08-08,15:00,sh603636,南威软件,71.95,73.0,71.34,72.51,4506,32563970,0.44,0.6105175523796309
2016-08-09,15:00,sh603636,南威软件,72.55,73.0,72.03,72.93,5231,37950160,0.42,0.5792304509722797
2016-08-10,15:00,sh603636,南威软件,72.98,74.97,72.4,72.96,6273,45796884,0.03,0.0411353352529823
2016-08-11,15:00,sh603636,南威软件,73.6,73.6,71.0,71.29,5173,37343584,-1.67,-2.288925438596491
2016-08-12,15:00,sh603636,南威软件,71.19,71.19,69.5,70.47,4959,34807216,-0.82,-1.1502314490110814
2016-08-15,15:00,sh603636,南威软件,70.75,73.31,70.1,73.06,11447,82597440,2.59,3.6753228324109553
2016-08-16,15:00,sh603636,南威软件,73.12,74.29,72.81,73.91,10327,76130664,0.85,1.16342732001095
2016-08-17,15:00,sh603636,南威软件,73.91,74.95,73.36,73.89,11006,81605392,-0.02,-0.0270599377621431
2016-08-18,15:00,sh603636,南威软件,73.05,73.88,73.0,73.19,4465,32765826,-0.7,-0.9473541751251862
2016-08-19,15:00,sh603636,南威软件,73.6,73.6,72.6,72.67,4175,30451314,-0.52,-0.7104795737122558
2016-08-22,15:00,sh603636,南威软件,72.27,73.28,70.43,70.49,5362,38220180,-2.18,-2.9998623916334117
2016-08-23,15:00,sh603636,南威软件,70.2,71.8,69.0,70.93,4092,29071790,0.44,0.6242020144701376
2016-08-24,15:00,sh603636,南威软件,71.18,71.28,70.09,70.35,3361,23781074,-0.58,-0.8177075990413084
2016-08-25,15:00,sh603636,南威软件,70.79,70.79,69.51,69.88,3906,27298894,-0.47,-0.668088130774698
2016-08-26,15:00,sh603636,南威软件,70.45,70.9,69.5,69.89,4014,28229690,0.01,0.0143102461362335
2016-08-29,15:00,sh603636,南威软件,69.8,70.53,69.76,70.19,2365,16578256,0.3,0.4292459579338961
2016-08-30,15:00,sh603636,南威软件,70.5,72.59,70.0,71.84,6830,48540224,1.65,2.350762216840005
2016-08-31,15:00,sh603636,南威软件,72.4,73.36,71.21,73.16,6886,49695288,1.32,1.8374164810690423
2016-09-01,15:00,sh603636,南威软件,72.1,73.39,72.1,72.21,3396,24724870,-0.95,-1.298523783488245
2016-09-02,15:00,sh603636,南威软件,71.71,72.42,71.4,71.46,2897,20797194,-0.75,-1.038637307852098
2016-09-05,15:00,sh603636,南威软件,71.04,74.4,71.04,74.26,15125,110834864,2.8,3.918275958578225
2016-09-06,15:00,sh603636,南威软件,73.94,75.0,73.32,74.26,7101,52605824,0.0,0.0
2016-09-07,15:00,sh603636,南威软件,73.99,74.58,73.58,73.6,5066,37504824,-0.66,-0.8887691893347698
2016-09-08,15:00,sh603636,南威软件,73.63,74.47,73.42,73.89,3088,22835982,0.29,0.3940217391304347
2016-09-09,15:00,sh603636,南威软件,73.89,74.2,71.88,73.92,8682,63530876,0.03,0.0406008932196508
2016-09-12,15:00,sh603636,南威软件,72.88,73.7,71.81,71.86,4163,30174150,-2.06,-2.786796536796537
2016-09-13,15:00,sh603636,南威软件,71.86,72.7,71.86,72.28,5913,42788592,0.42,0.584469802393543
2016-09-14,15:00,sh603636,南威软件,72.26,73.07,72.0,72.98,5785,42036872,0.7,0.9684560044272276
2016-09-19,15:00,sh603636,南威软件,73.38,73.85,72.53,73.82,10675,78187168,0.84,1.1510002740476843
2016-09-20,15:00,sh603636,南威软件,73.63,77.3,73.41,74.26,21577,162535696,0.44,0.5960444324031428
2016-09-21,15:00,sh603636,南威软件,73.95,74.7,73.6,73.84,5745,42541548,-0.42,-0.5655803932130353
2016-09-22,15:00,sh603636,南威软件,73.99,74.66,73.52,73.83,4096,30346100,-0.01,-0.013542795232936
2016-09-23,15:00,sh603636,南威软件,74.2,74.43,72.03,72.52,5997,44069580,-1.31,-1.7743464716240012
2016-09-26,15:00,sh603636,南威软件,72.4,72.4,69.18,69.75,9095,63907084,-2.77,-3.819635962493105
2016-09-27,15:00,sh603636,南威软件,69.03,70.25,67.6,69.77,9266,63644160,0.02,0.028673835125448
2016-09-28,15:00,sh603636,南威软件,69.77,70.0,69.0,69.14,10085,69890168,-0.63,-0.9029668912139888
2016-09-29,15:00,sh603636,南威软件,69.25,70.0,68.0,69.61,3569,24725736,0.47,0.6797801562048018
2016-09-30,15:00,sh603636,南威软件,69.34,69.99,68.91,69.81,4071,28255620,0.2,0.2873150409423933
2016-10-10,15:00,sh603636,南威软件,70.5,72.45,69.85,72.08,6184,44146560,2.27,3.251683139951296
2016-10-11,15:00,sh603636,南威软件,72.12,72.44,71.5,72.14,4332,31142814,0.06,0.0832408435072142
2016-10-12,15:00,sh603636,南威软件,72.01,72.4,71.31,71.74,2304,16517643,-0.4,-0.5544774050457444
2016-10-13,15:00,sh603636,南威软件,71.71,72.46,71.11,72.0,3947,28281952,0.26,0.3624198494563702
2016-10-14,15:00,sh603636,南威软件,71.54,72.8,71.16,72.33,7634,55120972,0.33,0.4583333333333333
2016-10-17,15:00,sh603636,南威软件,74.52,74.52,71.7,71.93,5722,41936020,-0.4,-0.5530208765380893
2016-10-18,15:00,sh603636,南威软件,71.02,72.37,71.0,72.31,3433,24652024,0.38,0.5282913944112331
2016-10-19,15:00,sh603636,南威软件,72.19,72.5,71.6,71.79,2601,18723546,-0.52,-0.7191259853408934
2016-10-20,15:00,sh603636,南威软件,71.78,72.2,71.48,71.74,2669,19157160,-0.05,-0.0696475832288619
2016-10-21,15:00,sh603636,南威软件,71.62,72.0,69.7,70.4,14212,99668736,-1.34,-1.867856147198216
2016-10-24,15:00,sh603636,南威软件,70.0,73.44,70.0,72.92,8646,62472616,2.52,3.5795454545454546
2016-10-25,15:00,sh603636,南威软件,73.0,73.73,72.4,72.81,4462,32608172,-0.11,-0.1508502468458585
2016-10-26,15:00,sh603636,南威软件,72.7,73.68,72.6,73.4,8020,58784528,0.59,0.8103282516137893
2016-10-27,15:00,sh603636,南威软件,73.3,74.78,72.91,73.89,9172,67954752,0.49,0.667574931880109
2016-10-28,15:00,sh603636,南威软件,74.2,74.43,73.53,73.81,5755,42555456,-0.08,-0.1082690485857355
2016-10-31,15:00,sh603636,南威软件,73.45,75.17,73.44,75.15,10951,81675104,1.34,1.81547215824414
2016-11-01,15:00,sh603636,南威软件,75.18,78.32,75.18,77.41,14956,115861632,2.26,3.0073186959414504
2016-11-02,15:00,sh603636,南威软件,77.35,78.95,76.89,77.35,9411,73121792,-0.06,-0.0775093657150239
2016-11-03,15:00,sh603636,南威软件,77.1,78.19,77.06,77.52,10935,85147728,0.17,0.2197802197802197
2016-11-04,15:00,sh603636,南威软件,78.09,79.25,77.51,78.97,16705,130501928,1.45,1.870485036119711
2016-11-07,15:00,sh603636,南威软件,79.47,84.41,78.98,81.0,24735,202133632,2.03,2.57059642902368
2016-11-08,15:00,sh603636,南威软件,81.65,84.18,81.02,83.89,16238,135186560,2.89,3.567901234567901
2016-11-09,15:00,sh603636,南威软件,83.22,85.44,81.0,84.57,13970,117645560,0.68,0.8105852902610561
2016-11-10,15:00,sh603636,南威软件,84.38,89.0,84.29,88.94,17001,148712496,4.37,5.167317015490126
2016-11-11,15:00,sh603636,南威软件,88.94,91.02,88.03,88.29,19109,171505856,-0.65,-0.7308297728805937
2016-11-14,15:00,sh603636,南威软件,87.38,87.38,83.01,83.49,19388,164180016,-4.8,-5.436629289840298
2016-11-15,15:00,sh603636,南威软件,83.49,85.5,81.88,85.24,14832,123902856,1.75,2.0960594083123727
2016-11-16,15:00,sh603636,南威软件,85.0,87.8,84.56,84.64,12237,104984008,-0.6,-0.7038948850305021
2016-11-17,15:00,sh603636,南威软件,85.39,85.6,83.08,85.48,7436,62749940,0.84,0.992438563327032
2016-11-18,15:00,sh603636,南威软件,85.7,87.36,85.48,86.41,8786,75956168,0.93,1.0879737950397754
2016-11-21,15:00,sh603636,南威软件,86.5,87.04,85.66,86.83,8892,76807544,0.42,0.4860548547621803
2016-11-22,15:00,sh603636,南威软件,86.4,90.64,86.35,89.12,17782,157586560,2.29,2.637337325809052
2016-11-23,15:00,sh603636,南威软件,88.88,89.45,87.13,88.49,10377,91516248,-0.63,-0.7069120287253142
2016-11-24,15:00,sh603636,南威软件,88.49,90.36,87.5,90.17,11299,101363472,1.68,1.8985196067352248
2016-11-25,15:00,sh603636,南威软件,89.86,93.0,89.0,92.99,24331,223252000,2.82,3.127425973161805
2016-11-28,15:00,sh603636,南威软件,96.0,98.8,90.08,90.68,25663,242665552,-2.31,-2.4841380793633725
2016-11-29,15:00,sh603636,南威软件,88.88,97.75,88.45,97.32,25735,244566000,6.64,7.322452580502866
2016-11-30,15:00,sh603636,南威软件,97.32,99.39,95.89,97.73,20485,201164448,0.41,0.4212905877517467
2016-12-01,15:00,sh603636,南威软件,97.5,99.5,95.63,98.31,17087,167418656,0.58,0.5934718100890208
2016-12-02,15:00,sh603636,南威软件,98.31,98.65,94.0,95.96,16338,157941776,-2.35,-2.3903977214932355
2016-12-05,15:00,sh603636,南威软件,95.2,96.5,94.12,96.29,8332,79973912,0.33,0.3438932888703626
2016-12-06,15:00,sh603636,南威软件,96.35,97.1,95.35,96.02,6352,61156204,-0.27,-0.2804029494236161
2016-12-07,15:00,sh603636,南威软件,95.52,96.3,92.7,94.61,3997,37636904,-1.41,-1.4684440741512186
2016-12-08,15:00,sh603636,南威软件,94.0,95.58,91.6,94.46,8473,79382320,-0.15,-0.1585456082866504
2016-12-09,15:00,sh603636,南威软件,94.64,97.0,93.39,94.81,7776,74175512,0.35,0.3705272072835062
2016-12-12,15:00,sh603636,南威软件,94.81,95.0,89.77,92.29,9962,92036528,-2.52,-2.6579474738951587
2016-12-13,15:00,sh603636,南威软件,91.0,92.8,83.06,86.86,33912,286457024,-5.43,-5.883627695308268
2016-12-14,15:00,sh603636,南威软件,86.0,87.98,81.91,86.73,18827,160151456,-0.13,-0.149666129403638
2016-12-15,15:00,sh603636,南威软件,85.99,89.48,85.0,89.03,9875,86999088,2.3,2.6519082209154847
2016-12-16,15:00,sh603636,南威软件,90.69,91.0,88.78,90.02,5789,51672112,0.99,1.1119847242502527
2016-12-19,15:00,sh603636,南威软件,90.0,90.28,88.5,89.11,3129,27947828,-0.91,-1.010886469673406
2016-12-20,15:00,sh603636,南威软件,89.39,91.16,88.39,91.02,12801,114926512,1.91,2.143418247110313
2016-12-21,15:00,sh603636,南威软件,90.7,91.0,89.5,90.83,3814,34543872,-0.19,-0.2087453306965502
2016-12-22,15:00,sh603636,南威软件,90.2,92.0,89.52,91.43,7406,67300872,0.6,0.6605746999889904
2016-12-23,15:00,sh603636,南威软件,91.0,92.0,90.85,91.63,5118,46730408,0.2,0.2187465820846549
2016-12-26,15:00,sh603636,南威软件,91.49,91.7,88.02,90.05,2997,26998994,-1.58,-1.7243260940739933
2016-12-27,15:00,sh603636,南威软件,89.05,90.6,88.71,89.83,4073,36435752,-0.22,-0.2443087173792337
2016-12-28,15:00,sh603636,南威软件,90.57,90.57,88.48,88.99,2921,26004620,-0.84,-0.93509963263943
2016-12-29,15:00,sh603636,南威软件,88.99,89.8,88.09,88.5,3082,27290040,-0.49,-0.5506236655804023
2016-12-30,15:00,sh603636,南威软件,89.35,90.4,87.82,90.2,5306,47308864,1.7,1.92090395480226
2017-01-03,15:00,sh603636,南威软件,89.98,90.78,89.05,90.1,3785,34050688,-0.1,-0.1108647450110864
2017-01-04,15:00,sh603636,南威软件,90.6,91.0,89.88,90.91,5717,51911436,0.81,0.8990011098779135
2017-01-05,15:00,sh603636,南威软件,90.85,93.0,90.15,92.2,4096,37726680,1.29,1.4189858101418986
2017-01-06,15:00,sh603636,南威软件,92.48,96.5,92.18,94.99,7236,68667456,2.79,3.026030368763557
2017-01-09,15:00,sh603636,南威软件,94.06,95.8,94.06,95.46,3857,36725236,0.47,0.4947889251500158
2017-01-10,15:00,sh603636,南威软件,95.39,97.0,94.73,96.6,4123,39536172,1.14,1.1942174732872406
2017-01-11,15:00,sh603636,南威软件,96.01,96.47,93.01,94.87,3201,30319208,-1.73,-1.7908902691511388
2017-01-12,15:00,sh603636,南威软件,94.87,95.32,93.4,94.68,5749,54246804,-0.19,-0.2002740592389585
2017-01-13,15:00,sh603636,南威软件,95.2,96.6,94.5,96.17,15588,149032224,1.49,1.573722010984368
2017-01-16,15:00,sh603636,南威软件,96.18,96.8,87.0,92.46,14062,131734816,-3.71,-3.857751897681189
2017-01-17,15:00,sh603636,南威软件,91.5,93.98,88.51,92.74,11655,107804832,0.28,0.3028336577979666
2017-01-18,15:00,sh603636,南威软件,92.7,92.7,89.33,89.91,4214,38349420,-2.83,-3.0515419452232044
2017-01-19,15:00,sh603636,南威软件,89.96,92.05,87.43,90.97,10596,94289072,1.06,1.1789567345122902
2017-01-20,15:00,sh603636,南威软件,90.51,90.51,88.9,89.47,7511,67324344,-1.5,-1.6488952401890733
2017-01-23,15:00,sh603636,南威软件,88.92,90.7,88.0,89.21,6395,57151448,-0.26,-0.2906002011847546
2017-01-24,15:00,sh603636,南威软件,89.6,92.0,87.1,90.0,7889,70543576,0.79,0.8855509472032284
2017-01-25,15:00,sh603636,南威软件,90.5,90.5,89.1,89.3,8766,78671528,-0.7,-0.7777777777777778
2017-01-26,15:00,sh603636,南威软件,89.3,90.0,88.54,89.67,5059,45141360,0.37,0.4143337066069429
2017-02-03,15:00,sh603636,南威软件,89.88,89.88,87.9,89.69,4182,37181288,0.02,0.0223040035686405
2017-02-06,15:00,sh603636,南威软件,89.0,89.89,88.63,89.81,5256,46957980,0.12,0.133794179953172
2017-02-07,15:00,sh603636,南威软件,89.31,89.96,88.77,89.84,3496,31265146,0.03,0.0334038525776639
2017-02-08,15:00,sh603636,南威软件,89.69,89.77,89.14,89.32,6183,55348460,-0.52,-0.578806767586821
2017-02-09,15:00,sh603636,南威软件,89.5,89.72,88.7,89.4,4663,41606140,0.08,0.0895656068069861
2017-02-10,15:00,sh603636,南威软件,89.39,92.0,89.03,91.96,9595,87402480,2.56,2.8635346756152127
2017-02-13,15:00,sh603636,南威软件,91.96,93.99,91.96,93.93,8118,75830128,1.97,2.142235754675946
2017-02-14,15:00,sh603636,南威软件,93.93,94.49,92.83,93.88,4951,46465944,-0.05,-0.0532311295645693
2017-02-15,15:00,sh603636,南威软件,93.96,94.5,93.5,94.03,7263,68297168,0.15,0.1597784405624201
2017-02-16,15:00,sh603636,南威软件,93.5,94.0,92.5,93.38,8114,75676512,-0.65,-0.6912687440178666
2017-02-17,15:00,sh603636,南威软件,92.03,94.0,91.9,93.33,6202,57586416,-0.05,-0.0535446562433069
2017-02-20,15:00,sh603636,南威软件,93.4,93.4,90.1,92.94,4271,39530548,-0.39,-0.4178720668595307
2017-02-21,15:00,sh603636,南威软件,92.94,93.17,92.0,92.4,7486,69419184,-0.54,-0.5810200129115558
2017-02-22,15:00,sh603636,南威软件,92.08,92.6,91.3,92.48,5917,54521992,0.08,0.0865800865800865
2017-02-23,15:00,sh603636,南威软件,92.55,92.64,92.01,92.49,3679,34007756,0.01,0.0108131487889273
2017-02-24,15:00,sh603636,南威软件,92.47,93.15,92.05,92.98,11498,106546704,0.49,0.5297870040004325
2017-02-27,15:00,sh603636,南威软件,93.3,95.0,92.6,94.44,12528,118208736,1.46,1.5702301570230155
2017-02-28,15:00,sh603636,南威软件,94.0,95.85,93.5,95.57,14230,135191632,1.13,1.196526895383312
2017-03-03,15:00,sh603636,南威软件,97.3,99.12,86.01,95.12,27843,262215696,-0.45,-0.4708590561891806
2017-03-06,15:00,sh603636,南威软件,94.14,95.43,93.5,94.31,16941,159766384,-0.81,-0.851555929352397
2017-03-07,15:00,sh603636,南威软件,94.36,94.37,91.7,92.56,11072,102818760,-1.75,-1.855582652953027
2017-03-08,15:00,sh603636,南威软件,92.06,92.67,91.01,92.12,9570,88141792,-0.44,-0.4753673292999135
2017-03-09,15:00,sh603636,南威软件,92.0,92.11,88.0,91.28,9505,85766616,-0.84,-0.911854103343465
2017-03-10,15:00,sh603636,南威软件,92.8,94.6,91.7,93.76,11571,107894600,2.48,2.716914986853637
2017-03-13,15:00,sh603636,南威软件,93.74,93.98,92.0,93.66,6931,64690256,-0.1,-0.106655290102389
2017-03-14,15:00,sh603636,南威软件,93.11,94.91,93.11,93.52,7757,72936104,-0.14,-0.1494768310911808
2017-03-15,15:00,sh603636,南威软件,92.99,93.98,92.8,93.06,8517,79571544,-0.46,-0.4918733960650128
2017-03-16,15:00,sh603636,南威软件,93.32,96.67,93.09,95.24,24795,236238512,2.18,2.3425746830002145
2017-03-17,15:00,sh603636,南威软件,96.0,98.5,93.5,97.05,46041,441367264,1.81,1.9004619907601847
2017-03-20,15:00,sh603636,南威软件,97.2,99.2,97.11,98.0,38768,381110592,0.95,0.9788768675940238
2017-03-21,15:00,sh603636,南威软件,97.6,98.98,94.38,98.34,51150,492439808,0.34,0.3469387755102041
2017-03-22,15:00,sh603636,南威软件,96.8,97.59,95.4,95.68,33644,323284224,-2.66,-2.704901362619484
2017-03-23,15:00,sh603636,南威软件,95.55,96.06,87.3,95.52,62897,581738048,-0.16,-0.1672240802675585
2017-03-24,15:00,sh603636,南威软件,93.91,94.65,92.61,93.27,26595,249514224,-2.25,-2.355527638190955
2017-03-27,15:00,sh603636,南威软件,93.5,94.2,92.11,93.82,21789,203426768,0.55,0.5896858582609628
2017-03-28,15:00,sh603636,南威软件,93.96,94.49,92.24,94.12,24122,226579840,0.3,0.3197612449371136
2017-03-29,15:00,sh603636,南威软件,94.1,95.4,92.88,94.1,21866,205374512,-0.02,-0.0212494687632809
2017-03-30,15:00,sh603636,南威软件,95.0,95.78,92.92,94.66,23397,221074288,0.56,0.5951115834218916
2017-03-31,15:00,sh603636,南威软件,93.1,94.93,91.0,94.23,18903,176199664,-0.43,-0.4542573420663427
2017-04-05,15:00,sh603636,南威软件,95.2,95.8,94.0,95.65,22269,211422592,1.42,1.5069510771516503
2017-04-06,15:00,sh603636,南威软件,95.99,97.39,95.5,96.92,34669,335095744,1.27,1.3277574490329327
2017-04-07,15:00,sh603636,南威软件,25.4,26.61,24.21,26.61,191885,499010592,-70.31,-72.544366487825
2017-04-10,15:00,sh603636,南威软件,23.97,24.99,23.95,23.95,260781,628042304,-2.66,-9.996242014280346
2017-04-11,15:00,sh603636,南威软件,22.11,23.82,21.56,23.11,209564,471753120,-0.84,-3.507306889352818
2017-04-12,15:00,sh603636,南威软件,23.11,23.36,20.8,20.8,169110,372936384,-2.31,-9.995672868887926
2017-04-13,15:00,sh603636,南威软件,19.05,20.0,18.72,19.28,682175,1283956864,-1.52,-7.307692307692308
2017-04-14,15:00,sh603636,南威软件,18.21,18.97,17.48,17.81,325667,591668672,-1.47,-7.62448132780083
2017-04-17,15:00,sh603636,南威软件,17.4,17.6,16.04,16.62,330364,552679168,-1.19,-6.681639528354857
2017-04-18,15:00,sh603636,南威软件,16.67,16.84,16.28,16.41,166489,275299840,-0.21,-1.263537906137184
2017-04-19,15:00,sh603636,南威软件,16.3,16.48,15.78,16.42,195690,314880768,0.01,0.060938452163315
2017-04-20,15:00,sh603636,南威软件,16.3,16.42,15.65,15.82,155872,250018000,-0.6,-3.654080389768575
2017-04-21,15:00,sh603636,南威软件,15.87,15.9,15.0,15.12,182603,280671008,-0.7,-4.424778761061947
2017-04-24,15:00,sh603636,南威软件,15.03,15.09,14.01,14.87,182184,264247296,-0.25,-1.6534391534391533
2017-04-25,15:00,sh603636,南威软件,14.78,15.2,14.65,15.02,152859,229281888,0.15,1.0087424344317415
2017-04-26,15:00,sh603636,南威软件,14.97,15.27,14.69,15.14,145311,218386160,0.12,0.7989347536617843
2017-04-27,15:00,sh603636,南威软件,15.09,15.97,14.62,15.67,206863,317846688,0.53,3.500660501981506
2017-04-28,15:00,sh603636,南威软件,15.39,15.75,15.29,15.51,142138,219790448,-0.16,-1.0210593490746651
2017-05-02,15:00,sh603636,南威软件,15.36,15.55,14.8,14.85,96768,146996064,-0.66,-4.25531914893617
2017-05-03,15:00,sh603636,南威软件,14.71,15.78,14.71,15.72,181308,277717120,0.87,5.858585858585859
2017-05-04,15:00,sh603636,南威软件,15.58,15.88,15.3,15.67,166920,260071216,-0.05,-0.3180661577608142
2017-05-05,15:00,sh603636,南威软件,15.54,16.16,15.51,15.62,170083,268649056,-0.05,-0.3190810465858328
2017-05-08,15:00,sh603636,南威软件,15.63,15.8,15.13,15.29,125146,194343648,-0.33,-2.112676056338028
2017-05-09,15:00,sh603636,南威软件,15.03,15.54,14.55,15.51,121508,183259056,0.22,1.4388489208633095
2017-05-10,15:00,sh603636,南威软件,15.41,15.64,14.9,15.09,106480,163221568,-0.42,-2.707930367504836
2017-05-11,15:00,sh603636,南威软件,14.91,14.95,14.25,14.62,92208,134830512,-0.47,-3.1146454605699136
2017-05-12,15:00,sh603636,南威软件,14.55,14.79,14.15,14.37,87723,126817656,-0.25,-1.7099863201094392
2017-05-15,15:00,sh603636,南威软件,14.83,15.28,14.65,14.67,108605,162103440,0.3,2.0876826722338206
2017-05-16,15:00,sh603636,南威软件,14.21,14.8,14.03,14.76,122708,176812016,0.09,0.6134969325153374
2017-05-17,15:00,sh603636,南威软件,14.6,14.93,14.53,14.72,108978,160427120,-0.04,-0.2710027100271002
2017-05-18,15:00,sh603636,南威软件,14.53,14.92,14.34,14.62,88657,129573488,-0.1,-0.6793478260869565
2017-05-19,15:00,sh603636,南威软件,14.47,14.62,14.21,14.23,65148,93664480,-0.39,-2.667578659370725
2017-05-22,15:00,sh603636,南威软件,14.23,14.38,13.3,13.45,103515,143824752,-0.78,-5.481377371749825
2017-05-23,15:00,sh603636,南威软件,13.6,14.2,13.54,14.0,144985,202241856,0.55,4.089219330855019
2017-05-24,15:00,sh603636,南威软件,14.0,14.05,13.54,13.83,87265,119913056,-0.17,-1.2142857142857142
2017-05-25,15:00,sh603636,南威软件,13.77,13.77,13.03,13.41,96596,129393608,-0.42,-3.036876355748373
2017-05-26,15:00,sh603636,南威软件,13.3,13.48,13.2,13.31,54455,72508512,-0.1,-0.7457121551081283
2017-05-31,15:00,sh603636,南威软件,13.55,13.63,13.06,13.11,48990,65241660,-0.2,-1.5026296018031555
2017-06-01,15:00,sh603636,南威软件,13.11,13.11,11.8,11.8,98162,122003376,-1.31,-9.992372234935164
2017-06-02,15:00,sh603636,南威软件,11.42,11.68,10.62,11.09,269608,293509568,-0.71,-6.016949152542373
2017-06-05,15:00,sh603636,南威软件,10.85,11.41,10.81,11.26,151271,168477264,0.17,1.532912533814247
2017-06-06,15:00,sh603636,南威软件,11.15,11.42,11.05,11.3,93485,105093400,0.04,0.3552397868561279
2017-06-07,15:00,sh603636,南威软件,11.4,12.43,11.23,12.43,224774,269240032,1.13,10.0
2017-06-08,15:00,sh603636,南威软件,12.45,12.67,12.14,12.21,180561,223105904,-0.22,-1.7699115044247788
2017-06-09,15:00,sh603636,南威软件,12.14,12.27,11.8,12.07,109789,131771320,-0.14,-1.1466011466011463
2017-06-12,15:00,sh603636,南威软件,11.89,12.09,11.51,11.54,104591,123004256,-0.53,-4.391052195526098
2017-06-13,15:00,sh603636,南威软件,11.72,11.97,11.56,11.84,81579,96701736,0.3,2.599653379549393
2017-06-14,15:00,sh603636,南威软件,11.84,12.2,11.84,12.0,112806,135542352,0.16,1.351351351351351
2017-06-15,15:00,sh603636,南威软件,12.02,12.65,11.92,12.35,151825,187909888,0.35,2.9166666666666665
2017-06-16,15:00,sh603636,南威软件,12.4,12.66,12.22,12.36,109934,136514272,0.01,0.0809716599190283
2017-06-19,15:00,sh603636,南威软件,12.4,13.19,12.25,12.78,162289,206647664,0.42,3.3980582524271843
2017-06-20,15:00,sh603636,南威软件,12.83,13.06,12.3,12.36,151148,191792752,-0.42,-3.286384976525822
2017-06-21,15:00,sh603636,南威软件,12.39,12.68,12.01,12.62,128643,158344144,0.26,2.103559870550162
2017-06-22,15:00,sh603636,南威软件,12.6,12.94,12.05,12.1,138404,173657264,-0.52,-4.120443740095087
2017-06-23,15:00,sh603636,南威软件,12.04,12.24,11.67,12.13,87627,105203688,0.03,0.2479338842975206
2017-06-26,15:00,sh603636,南威软件,12.06,12.49,12.03,12.29,76569,93894528,0.16,1.3190436933223413
2017-06-27,15:00,sh603636,南威软件,12.38,12.49,12.23,12.31,51760,63855804,0.02,0.16273393002441
2017-06-28,15:00,sh603636,南威软件,12.39,12.48,12.15,12.22,61480,75843480,-0.09,-0.7311129163281885
2017-06-29,15:00,sh603636,南威软件,12.32,12.41,12.14,12.21,57182,70006184,-0.01,-0.0818330605564648
2017-06-30,15:00,sh603636,南威软件,12.17,12.28,12.09,12.14,50555,61466112,-0.07,-0.5733005733005733
2017-07-03,15:00,sh603636,南威软件,12.22,12.28,12.07,12.14,39377,47822316,0.0,0.0
2017-07-04,15:00,sh603636,南威软件,12.2,12.48,12.13,12.33,68856,84612592,0.19,1.5650741350906094
2017-07-05,15:00,sh603636,南威软件,12.21,12.33,12.13,12.3,53890,65950536,-0.03,-0.24330900243309
2017-07-06,15:00,sh603636,南威软件,12.31,12.46,12.18,12.26,61464,75650744,-0.04,-0.3252032520325203
2017-07-07,15:00,sh603636,南威软件,12.27,12.36,12.15,12.17,56827,69298744,-0.09,-0.734094616639478
2017-07-10,15:00,sh603636,南威软件,12.19,12.2,11.65,11.7,99600,117928736,-0.47,-3.8619556285949055
2017-07-11,15:00,sh603636,南威软件,11.66,11.75,11.22,11.27,84100,96397296,-0.43,-3.675213675213676
2017-07-12,15:00,sh603636,南威软件,11.24,11.38,10.9,11.32,73267,81439168,0.05,0.4436557231588287
2017-07-13,15:00,sh603636,南威软件,11.32,11.32,11.1,11.15,36474,40758296,-0.17,-1.5017667844522968
2017-07-14,15:00,sh603636,南威软件,11.16,11.29,11.05,11.11,38767,43222588,-0.04,-0.358744394618834
2017-07-17,15:00,sh603636,南威软件,11.04,11.11,10.0,10.05,96268,100802672,-1.06,-9.54095409540954
2017-07-18,15:00,sh603636,南威软件,9.92,10.24,9.91,10.19,45521,45975676,0.14,1.3930348258706469
2017-07-19,15:00,sh603636,南威软件,10.1,10.28,10.0,10.2,42663,43206280,0.01,0.0981354268891069
2017-07-20,15:00,sh603636,南威软件,10.2,10.35,10.14,10.25,39151,40206904,0.05,0.4901960784313725
2017-07-21,15:00,sh603636,南威软件,10.25,10.32,10.16,10.18,23585,24097788,-0.07,-0.6829268292682927
2017-07-24,15:00,sh603636,南威软件,10.11,10.17,9.95,10.01,72034,72200448,-0.17,-1.6699410609037328
2017-07-25,15:00,sh603636,南威软件,10.01,10.12,9.97,10.01,41639,41776524,0.0,0.0
2017-07-26,15:00,sh603636,南威软件,10.02,10.11,9.85,9.91,45788,45727488,-0.1,-0.999000999000999
2017-07-27,15:00,sh603636,南威软件,9.9,10.35,9.8,10.33,88886,90279928,0.42,4.238143289606458
2017-07-28,15:00,sh603636,南威软件,10.29,10.32,10.14,10.14,46845,47800116,-0.19,-1.8393030009680544
2017-07-31,15:00,sh603636,南威软件,10.14,10.29,10.12,10.19,33142,33832352,0.05,0.4930966469428008
2017-08-01,15:00,sh603636,南威软件,10.2,10.26,10.11,10.19,31329,31898136,0.0,0.0
2017-08-02,15:00,sh603636,南威软件,10.19,10.64,10.15,10.35,76333,79580112,0.16,1.5701668302257117
2017-08-03,15:00,sh603636,南威软件,10.28,10.52,10.2,10.32,53641,55467328,-0.03,-0.2898550724637681
2017-08-04,15:00,sh603636,南威软件,10.24,10.48,10.24,10.27,38590,39922596,-0.05,-0.4844961240310077
2017-08-07,15:00,sh603636,南威软件,10.24,10.39,10.21,10.25,34897,35871808,-0.02,-0.1947419668938656
2017-08-08,15:00,sh603636,南威软件,10.27,10.48,10.18,10.42,54356,56095336,0.17,1.6585365853658538
2017-08-09,15:00,sh603636,南威软件,10.45,10.54,10.35,10.37,43942,45905416,-0.05,-0.4798464491362763
2017-08-10,15:00,sh603636,南威软件,10.39,10.44,10.03,10.17,49204,50393412,-0.2,-1.9286403085824493
2017-08-11,15:00,sh603636,南威软件,10.1,10.22,10.05,10.11,35568,35985680,-0.06,-0.5899705014749262
2017-08-14,15:00,sh603636,南威软件,10.13,10.96,10.12,10.64,91745,96729104,0.53,5.242334322453017
2017-08-15,15:00,sh603636,南威软件,10.67,10.67,10.44,10.57,52726,55464224,-0.07,-0.6578947368421052
2017-08-16,15:00,sh603636,南威软件,10.58,11.18,10.48,11.03,119031,130052848,0.46,4.351939451277199
2017-08-17,15:00,sh603636,南威软件,11.5,11.88,11.23,11.74,191243,220957232,0.71,6.43699002719855
2017-08-18,15:00,sh603636,南威软件,11.45,11.69,11.38,11.39,90378,103807024,-0.35,-2.9812606473594547
2017-08-21,15:00,sh603636,南威软件,11.39,11.49,11.31,11.42,55284,62969180,0.03,0.2633889376646181
2017-08-22,15:00,sh603636,南威软件,11.32,11.45,11.25,11.3,55461,62882136,-0.12,-1.0507880910683012
2017-08-23,15:00,sh603636,南威软件,11.16,11.22,11.0,11.05,51038,56655044,-0.25,-2.2123893805309733
2017-08-24,15:00,sh603636,南威软件,11.0,11.15,10.81,10.85,45617,49758540,-0.2,-1.809954751131222
2017-08-25,15:00,sh603636,南威软件,10.81,11.18,10.81,11.14,49507,54637780,0.29,2.672811059907834
2017-08-28,15:00,sh603636,南威软件,11.16,11.44,11.11,11.28,81000,91633272,0.14,1.2567324955116697
2017-08-29,15:00,sh603636,南威软件,11.28,11.44,11.18,11.25,59414,67190328,-0.03,-0.2659574468085106
2017-08-30,15:00,sh603636,南威软件,11.2,11.35,11.13,11.18,47986,53904176,-0.07,-0.6222222222222222
2017-08-31,15:00,sh603636,南威软件,11.17,11.23,11.01,11.14,37118,41215464,-0.04,-0.3577817531305903
2017-09-01,15:00,sh603636,南威软件,11.14,11.33,11.11,11.29,46773,52508216,0.15,1.3464991023339317
2017-09-04,15:00,sh603636,南威软件,11.35,11.76,11.21,11.68,104705,120854208,0.39,3.454384410983171
2017-09-05,15:00,sh603636,南威软件,11.61,11.63,11.35,11.39,69845,80025776,-0.29,-2.482876712328767
2017-09-06,15:00,sh603636,南威软件,11.36,11.48,11.21,11.45,49280,55970472,0.06,0.5267778753292361
2017-09-07,15:00,sh603636,南威软件,11.45,12.36,11.38,11.83,163172,194985600,0.38,3.318777292576419
2017-09-08,15:00,sh603636,南威软件,11.67,13.01,11.67,13.01,288900,363144320,1.18,9.974640743871513
2017-09-11,15:00,sh603636,南威软件,13.36,13.39,12.8,13.05,268341,349628960,0.04,0.3074558032282859
2017-09-12,15:00,sh603636,南威软件,13.15,13.26,12.67,12.82,163887,210999424,-0.23,-1.7624521072796937
2017-09-13,15:00,sh603636,南威软件,12.71,12.97,12.68,12.86,87421,111980856,0.04,0.31201248049922
2017-09-14,15:00,sh603636,南威软件,12.71,12.87,12.55,12.61,76750,97582488,-0.25,-1.9440124416796267
2017-09-15,15:00,sh603636,南威软件,12.55,12.89,12.4,12.7,77967,99047960,0.09,0.7137192704203014
2017-09-18,15:00,sh603636,南威软件,12.7,12.88,12.5,12.87,63498,80351568,0.17,1.3385826771653544
2017-09-19,15:00,sh603636,南威软件,12.86,13.06,12.75,12.81,86227,111604704,-0.06,-0.4662004662004662
2017-09-20,15:00,sh603636,南威软件,12.58,12.67,12.21,12.45,104530,129917584,-0.36,-2.810304449648712
2017-09-21,15:00,sh603636,南威软件,12.41,12.5,12.32,12.35,45627,56651440,-0.1,-0.8032128514056224
2017-09-22,15:00,sh603636,南威软件,12.27,12.45,12.17,12.44,37423,46095240,0.09,0.728744939271255
2017-09-25,15:00,sh603636,南威软件,12.4,12.55,12.28,12.31,35440,43939776,-0.13,-1.045016077170418
2017-09-26,15:00,sh603636,南威软件,12.3,13.29,12.23,13.01,149882,192834048,0.7,5.686433793663688
2017-09-27,15:00,sh603636,南威软件,13.08,13.16,12.76,13.04,106513,137950416,0.03,0.2305918524212144
2017-09-28,15:00,sh603636,南威软件,12.85,13.69,12.84,13.54,201982,269032672,0.5,3.834355828220859
2017-09-29,15:00,sh603636,南威软件,13.4,13.82,13.25,13.34,145073,195565584,-0.2,-1.4771048744460855
2017-10-09,15:00,sh603636,南威软件,13.4,13.54,13.01,13.48,107884,143117856,0.14,1.0494752623688155
2017-10-10,15:00,sh603636,南威软件,13.16,13.77,13.16,13.59,122528,166114928,0.11,0.8160237388724036
2017-10-11,15:00,sh603636,南威软件,13.45,13.63,13.21,13.28,82304,110180776,-0.31,-2.281089036055924
2017-10-12,15:00,sh603636,南威软件,13.21,13.36,13.07,13.16,50500,66583896,-0.12,-0.9036144578313252
2017-10-13,15:00,sh603636,南威软件,13.21,13.49,13.12,13.18,52356,69690128,0.02,0.1519756838905775
2017-10-16,15:00,sh603636,南威软件,13.08,13.15,12.25,12.26,103079,129682064,-0.92,-6.980273141122914
2017-10-17,15:00,sh603636,南威软件,12.26,12.45,12.12,12.15,38698,47505104,-0.11,-0.897226753670473
2017-10-18,15:00,sh603636,南威软件,12.2,12.29,11.77,11.84,61898,74006480,-0.31,-2.551440329218107
2017-10-19,15:00,sh603636,南威软件,11.7,11.96,11.7,11.93,40358,47811728,0.09,0.7601351351351352
2017-10-20,15:00,sh603636,南威软件,11.91,12.06,11.82,12.05,25089,30002544,0.12,1.0058675607711651
2017-10-23,15:00,sh603636,南威软件,12.14,12.14,11.94,12.01,19966,23967124,-0.04,-0.3319502074688796
2017-10-24,15:00,sh603636,南威软件,12.04,12.04,11.71,11.88,28060,33234472,-0.13,-1.0824313072439635
2017-10-25,15:00,sh603636,南威软件,11.88,12.6,11.8,12.37,66381,81708904,0.49,4.124579124579125
2017-10-26,15:00,sh603636,南威软件,12.23,12.4,12.2,12.26,33640,41278076,-0.11,-0.8892481810832661
2017-10-27,15:00,sh603636,南威软件,12.22,12.52,12.2,12.38,45852,56879276,0.12,0.9787928221859704
2017-10-30,15:00,sh603636,南威软件,12.25,12.29,11.2,11.63,81722,94613552,-0.75,-6.058158319870759
2017-10-31,15:00,sh603636,南威软件,11.59,11.6,11.32,11.51,34849,40004772,-0.12,-1.0318142734307825
2017-11-01,15:00,sh603636,南威软件,11.5,11.64,11.43,11.49,24273,27952006,-0.02,-0.1737619461337967
2017-11-02,15:00,sh603636,南威软件,11.42,11.47,11.05,11.11,36208,40746184,-0.38,-3.307223672758921
2017-11-03,15:00,sh603636,南威软件,11.13,11.25,11.12,11.2,23777,26572344,0.09,0.8100810081008101
2017-11-06,15:00,sh603636,南威软件,11.1,11.39,11.1,11.39,17750,20026900,0.19,1.6964285714285714
2017-11-07,15:00,sh603636,南威软件,11.44,11.54,11.25,11.33,19895,22574386,-0.06,-0.5267778753292361
2017-11-08,15:00,sh603636,南威软件,11.36,11.45,11.28,11.41,29129,33099366,0.08,0.706090026478376
2017-11-09,15:00,sh603636,南威软件,11.39,12.21,11.32,11.82,75516,89950568,0.41,3.5933391761612623
2017-11-10,15:00,sh603636,南威软件,11.7,11.85,11.57,11.66,45397,53092108,-0.16,-1.353637901861252
2017-11-13,15:00,sh603636,南威软件,11.59,11.62,11.4,11.47,32770,37569912,-0.19,-1.6295025728987993
2017-11-14,15:00,sh603636,南威软件,11.45,11.65,11.3,11.33,34912,40073096,-0.14,-1.2205754141238012
2017-11-15,15:00,sh603636,南威软件,11.4,11.44,11.1,11.18,27576,30894698,-0.15,-1.323918799646955
2017-11-16,15:00,sh603636,南威软件,11.15,11.26,11.07,11.09,23277,25996044,-0.09,-0.8050089445438283
2017-11-17,15:00,sh603636,南威软件,11.07,11.18,10.68,10.73,41001,44344688,-0.36,-3.2461677186654643
2017-11-20,15:00,sh603636,南威软件,10.73,10.96,10.65,10.89,30623,33159400,0.16,1.4911463187325256
2017-11-21,15:00,sh603636,南威软件,10.95,11.12,10.85,11.0,24287,26698772,0.11,1.0101010101010102
2017-11-22,15:00,sh603636,南威软件,11.0,11.01,10.77,10.86,33604,36484680,-0.14,-1.2727272727272727
2017-11-23,15:00,sh603636,南威软件,10.82,10.82,10.5,10.52,33142,35112064,-0.34,-3.1307550644567224
2017-11-24,15:00,sh603636,南威软件,10.52,10.65,10.5,10.61,15819,16730573,0.09,0.8555133079847909
2017-11-27,15:00,sh603636,南威软件,10.57,10.63,10.35,10.35,22672,23634300,-0.26,-2.4505183788878417
2017-11-28,15:00,sh603636,南威软件,10.64,11.39,10.61,11.39,167880,190261024,1.04,10.048309178743962
2017-11-29,15:00,sh603636,南威软件,11.0,11.29,10.96,11.22,126091,140615616,-0.17,-1.4925373134328357
2017-11-30,15:00,sh603636,南威软件,10.99,11.2,10.9,11.09,71776,79366496,-0.13,-1.1586452762923352
2017-12-01,15:00,sh603636,南威软件,10.98,11.07,10.72,11.03,60224,65862696,-0.06,-0.5410279531109108
2017-12-04,15:00,sh603636,南威软件,10.96,11.17,10.85,11.11,55510,61352016,0.08,0.7252946509519492
2017-12-05,15:00,sh603636,南威软件,11.1,11.1,10.38,10.65,61660,66281840,-0.46,-4.14041404140414
2017-12-06,15:00,sh603636,南威软件,10.51,10.88,10.46,10.8,40170,42900272,0.15,1.4084507042253522
2017-12-07,15:00,sh603636,南威软件,10.75,10.85,10.61,10.68,24222,26024844,-0.12,-1.1111111111111112
2017-12-08,15:00,sh603636,南威软件,10.66,10.99,10.57,10.87,37161,40187204,0.19,1.7790262172284643
2017-12-11,15:00,sh603636,南威软件,11.23,11.49,11.05,11.14,74404,83592032,0.27,2.483900643974241
2017-12-12,15:00,sh603636,南威软件,11.12,11.14,10.81,10.84,40091,43984800,-0.3,-2.6929982046678638
2017-12-13,15:00,sh603636,南威软件,10.8,10.93,10.75,10.87,22721,24662992,0.03,0.2767527675276752
2017-12-14,15:00,sh603636,南威软件,10.88,10.88,10.63,10.78,21751,23352684,-0.09,-0.8279668813247469
2017-12-15,15:00,sh603636,南威软件,10.75,10.88,10.71,10.79,23242,25078248,0.01,0.0927643784786642
2017-12-18,15:00,sh603636,南威软件,10.75,11.02,10.68,11.0,30325,32892496,0.21,1.9462465245597775
2017-12-19,15:00,sh603636,南威软件,10.96,11.25,10.91,11.05,36487,40497944,0.05,0.4545454545454545
2017-12-20,15:00,sh603636,南威软件,10.98,11.49,10.95,11.28,96555,109354104,0.23,2.0814479638009047
2017-12-21,15:00,sh603636,南威软件,11.17,11.48,11.1,11.39,69127,78617384,0.11,0.975177304964539
2017-12-22,15:00,sh603636,南威软件,11.31,11.58,11.3,11.56,59614,68415832,0.17,1.4925373134328357
2017-12-25,15:00,sh603636,南威软件,11.61,11.68,11.26,11.4,47246,53901656,-0.16,-1.384083044982699
2017-12-26,15:00,sh603636,南威软件,11.3,12.0,11.22,11.75,73892,85929696,0.35,3.070175438596491
2017-12-27,15:00,sh603636,南威软件,11.98,12.01,11.38,11.77,94690,111761184,0.02,0.1702127659574468
2017-12-28,15:00,sh603636,南威软件,11.89,11.89,11.55,11.57,46396,54193376,-0.2,-1.6992353440951573
2017-12-29,15:00,sh603636,南威软件,11.57,11.75,11.4,11.48,36642,42368556,-0.09,-0.7778738115816767
2018-01-02,15:00,sh603636,南威软件,11.48,11.74,11.38,11.62,26800,31033548,0.14,1.2195121951219512
2018-01-03,15:00,sh603636,南威软件,11.58,11.82,11.45,11.73,37526,43721784,0.11,0.9466437177280552
2018-01-04,15:00,sh603636,南威软件,11.76,12.31,11.43,11.45,77546,90745336,-0.28,-2.387041773231032
2018-01-05,15:00,sh603636,南威软件,11.42,11.62,11.33,11.52,69215,79423504,0.07,0.611353711790393
2018-01-08,15:00,sh603636,南威软件,11.45,11.48,11.33,11.35,41541,47240596,-0.17,-1.4756944444444444
2018-01-09,15:00,sh603636,南威软件,11.33,11.64,11.33,11.51,70224,80819056,0.16,1.4096916299559472
2018-01-10,15:00,sh603636,南威软件,11.41,11.5,11.2,11.34,33003,37409540,-0.17,-1.4769765421372718
2018-01-11,15:00,sh603636,南威软件,11.35,11.45,11.06,11.37,39502,44458332,0.03,0.2645502645502645
2018-01-12,15:00,sh603636,南威软件,11.31,11.37,11.08,11.09,32328,36144496,-0.28,-2.4626209322779244
2018-01-15,15:00,sh603636,南威软件,11.45,11.5,11.07,11.12,66305,74565512,0.03,0.2705139765554554
2018-01-16,15:00,sh603636,南威软件,10.82,11.0,10.76,10.92,30053,32705780,-0.2,-1.7985611510791366
2018-01-17,15:00,sh603636,南威软件,10.86,11.06,10.86,10.99,18621,20409572,0.07,0.641025641025641
2018-01-18,15:00,sh603636,南威软件,10.92,11.05,10.82,10.91,22896,25029266,-0.08,-0.7279344858962694
2018-01-19,15:00,sh603636,南威软件,10.83,10.92,10.61,10.63,37482,40258916,-0.28,-2.566452795600367
2018-01-22,15:00,sh603636,南威软件,10.59,10.93,10.52,10.8,25649,27610772,0.17,1.599247412982126
2018-01-23,15:00,sh603636,南威软件,10.8,10.88,10.67,10.81,19755,21260784,0.01,0.0925925925925926
2018-01-24,15:00,sh603636,南威软件,10.77,10.9,10.64,10.82,25998,28049972,0.01,0.0925069380203515
2018-01-25,15:00,sh603636,南威软件,10.74,10.88,10.73,10.73,22632,24435516,-0.09,-0.8317929759704251
2018-01-26,15:00,sh603636,南威软件,10.69,10.84,10.68,10.71,21790,23446342,-0.02,-0.1863932898415657
2018-01-29,15:00,sh603636,南威软件,10.72,10.77,10.31,10.34,42239,44273880,-0.37,-3.454715219421102
2018-01-30,15:00,sh603636,南威软件,10.35,10.48,10.31,10.33,20082,20860900,-0.01,-0.0967117988394584
2018-01-31,15:00,sh603636,南威软件,10.34,10.39,9.99,10.0,47050,47477260,-0.33,-3.1945788964182
2018-02-01,15:00,sh603636,南威软件,10.01,10.2,9.4,10.12,41335,40563304,0.12,1.2
2018-02-02,15:00,sh603636,南威软件,9.8,10.39,9.7,10.26,56738,56967172,0.14,1.383399209486166
2018-02-05,15:00,sh603636,南威软件,10.0,10.35,9.89,10.32,43234,43597488,0.06,0.5847953216374269
2018-02-06,15:00,sh603636,南威软件,10.1,10.18,9.7,9.9,31306,31246716,-0.42,-4.069767441860465
2018-02-07,15:00,sh603636,南威软件,10.02,10.09,9.77,9.96,30262,30250182,0.06,0.6060606060606061
2018-02-08,15:00,sh603636,南威软件,9.95,10.04,9.85,9.99,14943,14935478,0.03,0.3012048192771084
2018-02-09,15:00,sh603636,南威软件,9.83,9.83,9.45,9.7,28902,27846984,-0.29,-2.902902902902903
2018-02-12,15:00,sh603636,南威软件,9.7,9.93,9.55,9.8,21762,21287748,0.1,1.0309278350515465
2018-02-13,15:00,sh603636,南威软件,9.83,9.85,9.66,9.68,16043,15689890,-0.12,-1.2244897959183674
2018-02-14,15:00,sh603636,南威软件,9.68,9.77,9.6,9.67,10294,9960296,-0.01,-0.1033057851239669
2018-02-22,15:00,sh603636,南威软件,9.68,9.87,9.68,9.79,14405,14094173,0.12,1.2409513960703205
2018-02-23,15:00,sh603636,南威软件,9.82,9.85,9.74,9.78,16930,16563976,-0.01,-0.1021450459652706
2018-02-26,15:00,sh603636,南威软件,9.78,10.06,9.75,10.04,32718,32411578,0.26,2.658486707566462
2018-02-27,15:00,sh603636,南威软件,9.98,10.29,9.95,10.19,37382,37957500,0.15,1.49402390438247
2018-02-28,15:00,sh603636,南威软件,10.09,10.23,9.99,10.14,27150,27428200,-0.05,-0.4906771344455348
2018-03-01,15:00,sh603636,南威软件,10.03,10.73,10.03,10.55,74622,77978256,0.41,4.043392504930966
2018-03-02,15:00,sh603636,南威软件,10.48,10.76,10.4,10.64,82738,87689592,0.09,0.8530805687203791
2018-03-05,15:00,sh603636,南威软件,10.6,10.72,10.47,10.63,40989,43267320,-0.01,-0.093984962406015
2018-03-06,15:00,sh603636,南威软件,10.71,10.77,10.55,10.61,37554,39943624,-0.02,-0.1881467544684854
2018-03-07,15:00,sh603636,南威软件,10.64,10.65,10.46,10.49,32487,34154692,-0.12,-1.1310084825636193
2018-03-08,15:00,sh603636,南威软件,10.24,10.4,10.14,10.25,72345,74043296,-0.24,-2.2878932316491896
2018-03-09,15:00,sh603636,南威软件,10.22,10.71,10.12,10.69,124892,130089992,0.44,4.2926829268292686
2018-03-12,15:00,sh603636,南威软件,10.58,11.04,10.5,10.79,129401,139346224,0.1,0.9354536950420954
2018-03-21,15:00,sh603636,南威软件,9.45,10.07,9.45,9.74,120995,118994472,-1.05,-9.731232622798888
2018-03-22,15:00,sh603636,南威软件,9.62,10.6,9.62,10.42,151379,153986128,0.68,6.981519507186857
2018-03-23,15:00,sh603636,南威软件,10.09,11.32,10.0,10.38,204795,216660608,-0.04,-0.3838771593090211
2018-03-26,15:00,sh603636,南威软件,10.2,10.81,9.35,10.8,150777,155203840,0.42,4.046242774566474
2018-03-27,15:00,sh603636,南威软件,11.0,11.8,10.62,11.61,273870,309199520,0.81,7.5
2018-03-28,15:00,sh603636,南威软件,11.5,12.65,11.35,12.37,367082,440376544,0.76,6.546080964685616
2018-03-29,15:00,sh603636,南威软件,12.2,12.88,11.68,12.02,290194,353981248,-0.35,-2.8294260307194827
2018-03-30,15:00,sh603636,南威软件,11.8,12.61,11.8,12.47,380384,466975616,0.45,3.743760399334443
2018-04-02,15:00,sh603636,南威软件,12.38,12.63,11.97,12.1,346066,426151712,-0.37,-2.967121090617482
2018-04-03,15:00,sh603636,南威软件,11.79,12.06,11.53,11.69,184331,216586176,-0.41,-3.3884297520661155
2018-04-04,15:00,sh603636,南威软件,11.8,12.06,11.53,11.75,155153,183112480,0.06,0.5132591958939264
2018-04-09,15:00,sh603636,南威软件,11.11,11.51,10.9,11.23,226834,254457904,-0.52,-4.425531914893617
2018-04-10,15:00,sh603636,南威软件,11.29,11.59,10.93,11.51,174337,196050608,0.28,2.4933214603739984
2018-04-11,15:00,sh603636,南威软件,11.45,12.3,11.4,12.13,263659,313771424,0.62,5.386620330147697
2018-04-12,15:00,sh603636,南威软件,11.98,12.27,11.85,12.19,205200,248314560,0.06,0.4946413849958779
2018-04-13,15:00,sh603636,南威软件,12.15,12.42,11.9,12.27,190240,233063744,0.08,0.6562756357670222
2018-04-16,15:00,sh603636,南威软件,12.25,13.5,12.11,13.5,486087,638199936,1.23,10.024449877750612
2018-04-17,15:00,sh603636,南威软件,13.8,13.9,12.2,12.66,375433,489722112,-0.84,-6.222222222222222
2018-04-18,15:00,sh603636,南威软件,12.7,13.46,11.93,13.15,308869,390724064,0.49,3.87045813586098
2018-04-19,15:00,sh603636,南威软件,12.9,13.66,12.63,12.68,383811,502863968,-0.47,-3.574144486692015
2018-04-20,15:00,sh603636,南威软件,12.65,12.87,11.85,11.96,330361,404319328,-0.72,-5.678233438485805
2018-04-23,15:00,sh603636,南威软件,12.08,12.1,10.91,11.35,262645,299503360,-0.61,-5.100334448160536
2018-04-24,15:00,sh603636,南威软件,11.13,11.8,11.01,11.71,214850,245011072,0.36,3.1718061674008813
2018-04-25,15:00,sh603636,南威软件,11.54,11.85,11.35,11.38,150089,173623888,-0.33,-2.818104184457728
2018-04-26,15:00,sh603636,南威软件,11.35,11.88,11.18,11.56,216026,251596896,0.18,1.5817223198594026
2018-04-27,15:00,sh603636,南威软件,11.53,11.73,11.12,11.17,133163,150342832,-0.39,-3.373702422145329
2018-05-02,15:00,sh603636,南威软件,11.2,11.25,10.48,10.59,154000,165822688,-0.58,-5.192479856759177
2018-05-03,15:00,sh603636,南威软件,10.65,11.07,10.37,10.99,131464,141327104,0.4,3.777148253068933
2018-05-04,15:00,sh603636,南威软件,10.87,11.06,10.56,10.6,121504,131115064,-0.39,-3.548680618744313
2018-05-07,15:00,sh603636,南威软件,10.65,11.06,10.65,11.02,118258,129216840,0.42,3.962264150943396
2018-05-08,15:00,sh603636,南威软件,11.15,11.17,10.9,11.13,100065,110270368,0.11,0.998185117967332
2018-05-09,15:00,sh603636,南威软件,11.05,11.28,11.05,11.12,82089,91415384,-0.01,-0.0898472596585804
2018-05-10,15:00,sh603636,南威软件,11.02,11.02,10.6,10.69,96283,103264896,-0.43,-3.866906474820144
2018-05-11,15:00,sh603636,南威软件,10.7,10.76,10.42,10.45,73972,78012280,-0.24,-2.245088868101029
2018-05-14,15:00,sh603636,南威软件,10.46,10.51,10.04,10.07,105140,107405536,-0.38,-3.636363636363636
2018-05-15,15:00,sh603636,南威软件,10.08,10.32,10.08,10.3,79395,80978760,0.23,2.284011916583913
2018-05-16,15:00,sh603636,南威软件,10.25,10.37,10.06,10.1,81092,82645136,-0.2,-1.9417475728155336
2018-05-17,15:00,sh603636,南威软件,10.1,10.31,10.09,10.16,57396,58532200,0.06,0.594059405940594
2018-05-18,15:00,sh603636,南威软件,10.15,10.25,9.81,10.1,82097,82230344,-0.06,-0.5905511811023622
2018-05-21,15:00,sh603636,南威软件,10.25,10.36,10.15,10.3,76772,78812232,0.2,1.98019801980198
2018-05-22,15:00,sh603636,南威软件,10.37,10.43,10.24,10.41,83279,85958248,0.11,1.0679611650485437
2018-05-23,15:00,sh603636,南威软件,10.36,10.54,10.2,10.33,88729,91790248,-0.08,-0.7684918347742555
2018-05-24,15:00,sh603636,南威软件,10.29,10.35,10.19,10.2,45087,46215624,-0.13,-1.2584704743465636
2018-05-25,15:00,sh603636,南威软件,10.15,10.24,9.93,9.94,68240,68572328,-0.26,-2.549019607843137
2018-05-28,15:00,sh603636,南威软件,9.93,10.2,9.85,10.0,53939,54231480,0.06,0.6036217303822937
2018-08-28,15:00,sh603636,南威软件,10.0,10.25,9.0,9.14,215820,200879584,-0.86,-8.6
2018-08-29,15:00,sh603636,南威软件,9.0,10.05,8.96,9.89,292292,286997056,0.75,8.205689277899344
2018-08-30,15:00,sh603636,南威软件,9.4,9.6,9.0,9.01,189415,175778000,-0.88,-8.897876643073811
2018-08-31,15:00,sh603636,南威软件,8.89,9.76,8.89,9.08,113130,104534704,0.07,0.776914539400666
2018-09-03,15:00,sh603636,南威软件,9.0,9.08,8.5,8.87,94332,82970960,-0.21,-2.312775330396476
2018-09-04,15:00,sh603636,南威软件,8.83,9.03,8.76,8.89,78580,69997952,0.02,0.2254791431792559
2018-09-05,15:00,sh603636,南威软件,8.92,9.18,8.84,8.85,91305,82471328,-0.04,-0.4499437570303712
2018-09-06,15:00,sh603636,南威软件,8.85,9.12,8.8,9.0,84216,75854600,0.15,1.694915254237288
2018-09-07,15:00,sh603636,南威软件,9.08,9.12,8.68,8.85,70279,62614696,-0.15,-1.6666666666666667
2018-09-10,15:00,sh603636,南威软件,8.81,8.97,8.78,8.82,40895,36204352,-0.03,-0.3389830508474576
2018-09-11,15:00,sh603636,南威软件,8.76,8.85,8.58,8.64,47224,41167408,-0.18,-2.0408163265306123
2018-09-12,15:00,sh603636,南威软件,8.68,8.71,8.53,8.63,44964,38724576,-0.01,-0.1157407407407407
2018-09-13,15:00,sh603636,南威软件,8.65,8.78,8.4,8.64,55440,47663888,0.01,0.115874855156431
2018-09-14,15:00,sh603636,南威软件,8.69,8.69,8.48,8.56,51401,43984228,-0.08,-0.9259259259259258
2018-09-17,15:00,sh603636,南威软件,8.56,8.56,7.94,7.99,72206,58724648,-0.57,-6.658878504672897
2018-09-18,15:00,sh603636,南威软件,8.49,8.49,8.25,8.31,97977,81914288,0.32,4.005006257822278
2018-09-19,15:00,sh603636,南威软件,8.28,8.53,8.21,8.45,81308,68057536,0.14,1.684717208182912
2018-09-20,15:00,sh603636,南威软件,8.42,8.5,8.24,8.28,59164,49321296,-0.17,-2.0118343195266277
2018-09-21,15:00,sh603636,南威软件,8.33,8.42,8.25,8.38,52777,44056928,0.1,1.207729468599034
2018-09-25,15:00,sh603636,南威软件,8.38,8.65,8.32,8.48,59215,50407428,0.1,1.1933174224343674
2018-09-26,15:00,sh603636,南威软件,8.45,8.55,8.34,8.51,54636,46214936,0.03,0.3537735849056604
2018-09-27,15:00,sh603636,南威软件,8.45,8.49,8.25,8.25,44774,37460816,-0.26,-3.055229142185664
2018-09-28,15:00,sh603636,南威软件,8.3,8.47,8.23,8.45,57823,48532676,0.2,2.4242424242424243
2018-10-08,15:00,sh603636,南威软件,8.45,9.07,8.35,8.74,140446,123112248,0.29,3.4319526627218933
2018-10-09,15:00,sh603636,南威软件,8.73,9.03,8.66,8.93,97056,86333992,0.19,2.1739130434782608
2018-10-10,15:00,sh603636,南威软件,8.87,8.95,8.71,8.95,78032,69002944,0.02,0.2239641657334826
2018-10-11,15:00,sh603636,南威软件,8.7,8.85,8.06,8.23,100069,84510016,-0.72,-8.044692737430168
2018-10-12,15:00,sh603636,南威软件,8.2,8.47,7.89,8.47,73923,61154472,0.24,2.916160388821385
2018-10-15,15:00,sh603636,南威软件,8.5,8.55,8.22,8.22,64900,54652496,-0.25,-2.95159386068477
2018-10-16,15:00,sh603636,南威软件,8.24,8.32,7.7,7.88,63870,51286764,-0.34,-4.13625304136253
2018-10-17,15:00,sh603636,南威软件,7.99,8.18,7.8,8.12,75370,60674144,0.24,3.045685279187817
2018-10-18,15:00,sh603636,南威软件,8.1,8.1,7.86,7.95,57553,45780464,-0.17,-2.0935960591133003
2018-10-19,15:00,sh603636,南威软件,7.8,8.27,7.72,8.21,97480,78974408,0.26,3.270440251572327
2018-10-22,15:00,sh603636,南威软件,8.29,8.84,8.23,8.69,110656,94416896,0.48,5.84652862362972
2018-10-23,15:00,sh603636,南威软件,8.67,8.78,8.53,8.6,95415,82472840,-0.09,-1.0356731875719216
2018-10-24,15:00,sh603636,南威软件,8.59,8.7,8.52,8.61,58372,50204928,0.01,0.1162790697674418
2018-10-25,15:00,sh603636,南威软件,8.35,8.45,8.2,8.36,73831,61354640,-0.25,-2.9036004645760745
2018-10-26,15:00,sh603636,南威软件,8.51,8.54,8.35,8.45,51367,43418224,0.09,1.076555023923445
2018-10-29,15:00,sh603636,南威软件,8.36,8.44,8.18,8.29,39044,32484962,-0.16,-1.8934911242603552
2018-10-30,15:00,sh603636,南威软件,8.25,8.37,8.0,8.31,48914,40111276,0.02,0.241254523522316
2018-10-31,15:00,sh603636,南威软件,8.29,8.46,8.25,8.45,68776,57478540,0.14,1.684717208182912
2018-11-01,15:00,sh603636,南威软件,8.52,8.73,8.47,8.49,89562,76966400,0.04,0.4733727810650888
2018-11-02,15:00,sh603636,南威软件,8.68,8.72,8.5,8.69,108427,93422736,0.2,2.3557126030624262
2018-11-05,15:00,sh603636,南威软件,8.73,8.85,8.57,8.71,93116,80912376,0.02,0.2301495972382048
2018-11-06,15:00,sh603636,南威软件,8.71,8.71,8.48,8.6,59375,50830452,-0.11,-1.2629161882893225
2018-11-07,15:00,sh603636,南威软件,8.61,8.81,8.58,8.65,83043,72205128,0.05,0.5813953488372093
2018-11-08,15:00,sh603636,南威软件,8.74,8.78,8.48,8.53,53738,46322912,-0.12,-1.3872832369942196
2018-11-09,15:00,sh603636,南威软件,8.47,8.73,8.43,8.66,63244,54616076,0.13,1.5240328253223916
2018-11-12,15:00,sh603636,南威软件,8.67,8.95,8.62,8.93,88589,78322640,0.27,3.117782909930716
2018-11-13,15:00,sh603636,南威软件,8.82,9.37,8.7,9.3,131534,120288672,0.37,4.143337066069429
2018-11-14,15:00,sh603636,南威软件,9.3,9.36,9.13,9.25,117628,108787584,-0.05,-0.5376344086021506
2018-11-15,15:00,sh603636,南威软件,9.25,9.67,9.21,9.51,98159,91945768,0.26,2.810810810810811
2018-11-16,15:00,sh603636,南威软件,9.6,10.1,9.6,9.9,161297,159897888,0.39,4.100946372239748
2018-11-19,15:00,sh603636,南威软件,10.1,10.1,9.76,10.04,99601,99562624,0.14,1.414141414141414
2018-11-20,15:00,sh603636,南威软件,9.94,10.27,9.84,9.84,111527,111723296,-0.2,-1.99203187250996
2018-11-21,15:00,sh603636,南威软件,9.72,10.15,9.55,10.08,112190,110831632,0.24,2.4390243902439024
2018-11-22,15:00,sh603636,南威软件,10.19,10.2,9.9,10.01,73790,73772848,-0.07,-0.6944444444444444
2018-11-23,15:00,sh603636,南威软件,10.0,10.03,9.41,9.46,89029,86075008,-0.55,-5.494505494505495
2018-11-26,15:00,sh603636,南威软件,9.49,9.67,9.49,9.51,52561,50327948,0.05,0.5285412262156448
2018-11-27,15:00,sh603636,南威软件,9.6,9.74,9.48,9.53,36617,35209840,0.02,0.2103049421661409
2018-11-28,15:00,sh603636,南威软件,9.55,9.73,9.37,9.67,40908,39372680,0.14,1.4690451206715631
2018-11-29,15:00,sh603636,南威软件,9.88,9.95,9.3,9.32,57641,55554692,-0.35,-3.619441571871768
2018-11-30,15:00,sh603636,南威软件,9.3,9.58,9.11,9.54,52393,49040200,0.22,2.360515021459228
2018-12-03,15:00,sh603636,南威软件,9.76,9.9,9.62,9.87,77085,75277944,0.33,3.459119496855346
2018-12-04,15:00,sh603636,南威软件,9.95,10.02,9.7,9.75,76705,75369376,-0.12,-1.21580547112462
2018-12-05,15:00,sh603636,南威软件,9.61,9.63,9.37,9.5,63401,60256864,-0.25,-2.564102564102564
2018-12-06,15:00,sh603636,南威软件,9.49,9.5,9.18,9.21,56198,52279920,-0.29,-3.052631578947368
2018-12-07,15:00,sh603636,南威软件,9.28,9.36,9.23,9.29,36428,33834768,0.08,0.8686210640608035
2018-12-10,15:00,sh603636,南威软件,9.23,9.26,9.0,9.25,41618,37925428,-0.04,-0.4305705059203444
2018-12-11,15:00,sh603636,南威软件,9.19,9.3,9.06,9.09,42464,38817872,-0.16,-1.7297297297297298
2018-12-12,15:00,sh603636,南威软件,9.15,9.3,9.11,9.13,23739,21739684,0.04,0.44004400440044
2018-12-13,15:00,sh603636,南威软件,9.13,9.32,9.08,9.25,36799,34006552,0.12,1.3143483023001097
2018-12-14,15:00,sh603636,南威软件,9.24,9.25,8.96,9.02,39354,35758504,-0.23,-2.4864864864864864
2018-12-17,15:00,sh603636,南威软件,9.0,9.58,8.97,9.56,96005,89772240,0.54,5.986696230598669
2018-12-18,15:00,sh603636,南威软件,9.45,9.54,9.26,9.36,52536,49336560,-0.2,-2.092050209205021
2018-12-19,15:00,sh603636,南威软件,9.31,9.46,9.25,9.25,25271,23565912,-0.11,-1.1752136752136753
2018-12-20,15:00,sh603636,南威软件,9.25,9.35,9.2,9.32,24026,22334208,0.07,0.7567567567567568
2018-12-21,15:00,sh603636,南威软件,9.3,9.65,9.28,9.47,57671,54795408,0.15,1.6094420600858368
2018-12-24,15:00,sh603636,南威软件,9.51,9.66,9.41,9.62,40892,39111368,0.15,1.583949313621964
2018-12-25,15:00,sh603636,南威软件,9.54,9.7,9.33,9.6,51234,48740784,-0.02,-0.2079002079002079
2018-12-26,15:00,sh603636,南威软件,9.62,9.85,9.59,9.67,52477,51030268,0.07,0.7291666666666666
2018-12-27,15:00,sh603636,南威软件,9.87,9.9,9.6,9.7,56601,55480640,0.03,0.3102378490175801
2018-12-28,15:00,sh603636,南威软件,9.8,9.81,9.46,9.6,54684,52382020,-0.1,-1.0309278350515465
2019-01-02,15:00,sh603636,南威软件,9.6,9.73,9.42,9.69,44089,42368296,0.09,0.9375
2019-01-03,15:00,sh603636,南威软件,9.61,9.83,9.46,9.68,53765,52159704,-0.01,-0.1031991744066047
2019-01-04,15:00,sh603636,南威软件,9.62,9.93,9.48,9.88,70993,69303200,0.2,2.066115702479339
2019-01-07,15:00,sh603636,南威软件,9.95,10.14,9.85,10.12,88906,89426448,0.24,2.42914979757085
2019-01-08,15:00,sh603636,南威软件,10.08,10.77,10.02,10.47,132951,138424544,0.35,3.458498023715415
2019-01-09,15:00,sh603636,南威软件,10.4,10.72,10.31,10.32,93269,97703120,-0.15,-1.4326647564469914
2019-01-10,15:00,sh603636,南威软件,10.35,10.47,10.2,10.26,54836,56543488,-0.06,-0.5813953488372093
2019-01-11,15:00,sh603636,南威软件,10.27,10.43,10.26,10.4,58235,60368096,0.14,1.364522417153996
2019-01-14,15:00,sh603636,南威软件,11.44,11.44,10.2,10.33,256708,278122848,-0.07,-0.6730769230769231
2019-01-15,15:00,sh603636,南威软件,10.25,10.79,10.25,10.51,146893,155048352,0.18,1.7424975798644726
2019-01-16,15:00,sh603636,南威软件,10.42,10.81,10.31,10.39,121401,128302144,-0.12,-1.141769743101808
2019-01-17,15:00,sh603636,南威软件,10.4,10.43,9.98,10.03,109114,110500008,-0.36,-3.4648700673724733
2019-01-18,15:00,sh603636,南威软件,10.03,10.11,9.88,9.92,60825,60711924,-0.11,-1.0967098703888334
2019-01-21,15:00,sh603636,南威软件,9.88,10.02,9.87,9.96,61714,61336976,0.04,0.4032258064516129
2019-01-22,15:00,sh603636,南威软件,9.96,9.99,9.62,9.69,66743,65200556,-0.27,-2.710843373493976
2019-01-23,15:00,sh603636,南威软件,9.98,9.98,9.71,9.82,63046,62095616,0.13,1.3415892672858616
2019-01-24,15:00,sh603636,南威软件,9.86,10.0,9.74,9.96,55982,55520700,0.14,1.4256619144602851
2019-01-25,15:00,sh603636,南威软件,9.96,10.0,9.84,9.9,47264,46955084,-0.06,-0.6024096385542169
2019-01-28,15:00,sh603636,南威软件,9.94,10.04,9.62,9.67,49493,48732272,-0.23,-2.323232323232323
2019-01-29,15:00,sh603636,南威软件,9.61,9.74,9.36,9.41,42287,40199840,-0.26,-2.688728024819028
2019-01-30,15:00,sh603636,南威软件,9.36,9.62,9.32,9.45,30499,29037288,0.04,0.4250797024442083
2019-01-31,15:00,sh603636,南威软件,9.37,9.62,9.37,9.47,34092,32479804,0.02,0.2116402116402116
2019-02-01,15:00,sh603636,南威软件,9.5,9.88,9.5,9.82,44238,42964116,0.35,3.695881731784583
2019-02-11,15:00,sh603636,南威软件,9.87,10.08,9.77,10.05,57785,57606556,0.23,2.3421588594704685
2019-02-12,15:00,sh603636,南威软件,10.07,10.15,10.0,10.08,61566,62043608,0.03,0.2985074626865672
2019-02-13,15:00,sh603636,南威软件,10.08,10.28,10.01,10.24,89620,91469464,0.16,1.5873015873015872
2019-02-14,15:00,sh603636,南威软件,10.2,10.58,10.1,10.51,116092,120308464,0.27,2.63671875
2019-02-15,15:00,sh603636,南威软件,10.4,10.54,10.33,10.33,76585,79896616,-0.18,-1.7126546146527115
2019-02-18,15:00,sh603636,南威软件,10.34,10.7,10.34,10.6,92855,98207632,0.27,2.6137463697967087
2019-02-19,15:00,sh603636,南威软件,10.65,11.03,10.5,10.67,154875,165986112,0.07,0.6603773584905661
2019-02-20,15:00,sh603636,南威软件,10.21,10.46,9.91,10.38,232403,236478272,-0.29,-2.7179006560449857
2019-02-21,15:00,sh603636,南威软件,10.2,10.63,10.01,10.39,146305,152560416,0.01,0.0963391136801541
2019-02-22,15:00,sh603636,南威软件,10.32,10.57,10.25,10.55,97867,102574168,0.16,1.539942252165544
2019-02-25,15:00,sh603636,南威软件,10.75,11.61,10.7,11.41,234858,261748064,0.86,8.151658767772512
2019-02-26,15:00,sh603636,南威软件,11.39,11.58,10.94,11.06,228349,254679312,-0.35,-3.067484662576687
2019-02-27,15:00,sh603636,南威软件,11.07,11.28,10.7,10.81,175690,193497840,-0.25,-2.260397830018084
2019-02-28,15:00,sh603636,南威软件,10.76,11.06,10.72,10.95,84737,92600312,0.14,1.2950971322849214
2019-03-01,15:00,sh603636,南威软件,10.96,11.08,10.83,11.01,67442,73933408,0.06,0.547945205479452
2019-03-04,15:00,sh603636,南威软件,11.02,11.46,10.99,11.07,200487,224757392,0.06,0.544959128065395
2019-03-05,15:00,sh603636,南威软件,11.08,11.58,11.01,11.55,204786,234097584,0.48,4.336043360433604
2019-03-06,15:00,sh603636,南威软件,11.54,12.71,11.54,12.51,262415,319346176,0.96,8.311688311688311
2019-03-07,15:00,sh603636,南威软件,12.46,13.56,12.27,13.18,338620,440873312,0.67,5.355715427657874
2019-03-08,15:00,sh603636,南威软件,12.65,13.7,12.51,12.6,293555,385141632,-0.58,-4.400606980273141
2019-03-11,15:00,sh603636,南威软件,13.05,13.39,12.55,13.33,240843,311869888,0.73,5.7936507936507935
2019-03-12,15:00,sh603636,南威软件,13.55,13.85,13.01,13.22,300854,404797696,-0.11,-0.8252063015753939
2019-03-13,15:00,sh603636,南威软件,13.32,14.4,13.25,13.48,366473,506831040,0.26,1.9667170953101365
2019-03-14,15:00,sh603636,南威软件,13.57,13.6,12.5,12.79,205689,264700176,-0.69,-5.118694362017804
2019-03-15,15:00,sh603636,南威软件,12.85,13.35,12.8,13.13,181515,238224912,0.34,2.6583268178264268
2019-03-18,15:00,sh603636,南威软件,13.1,13.86,12.78,13.86,235617,313919072,0.73,5.55978674790556
2019-03-19,15:00,sh603636,南威软件,14.44,14.95,13.86,14.3,417109,601460416,0.44,3.1746031746031744
2019-03-20,15:00,sh603636,南威软件,14.05,14.98,13.81,14.58,292554,423762912,0.28,1.958041958041958
2019-03-21,15:00,sh603636,南威软件,14.48,15.08,14.18,14.6,258904,380881888,0.02,0.1371742112482853
2019-03-22,15:00,sh603636,南威软件,14.59,14.77,14.03,14.73,187735,269126688,0.13,0.8904109589041096
2019-03-25,15:00,sh603636,南威软件,14.3,14.69,14.08,14.2,130555,187968160,-0.53,-3.5980991174473864
2019-03-26,15:00,sh603636,南威软件,14.2,14.66,13.62,13.79,165244,234841984,-0.41,-2.887323943661972
2019-03-27,15:00,sh603636,南威软件,14.3,14.6,13.8,14.09,174925,248756288,0.3,2.1754894851341557
2019-03-28,15:00,sh603636,南威软件,13.83,13.97,13.25,13.4,191365,258877616,-0.69,-4.897090134847409
2019-03-29,15:00,sh603636,南威软件,13.3,13.84,13.09,13.75,157202,212352496,0.35,2.6119402985074625
2019-04-01,15:00,sh603636,南威软件,13.8,14.44,13.8,14.17,182825,258468208,0.42,3.0545454545454547
2019-04-02,15:00,sh603636,南威软件,14.5,14.87,14.15,14.23,236187,342655616,0.06,0.4234297812279464
2019-04-03,15:00,sh603636,南威软件,14.24,15.06,14.12,15.02,294431,435771488,0.79,5.551651440618412
2019-04-04,15:00,sh603636,南威软件,15.15,15.3,14.44,14.8,232934,343018656,-0.22,-1.4647137150466043
2019-04-08,15:00,sh603636,南威软件,14.8,14.83,13.81,14.1,219447,310965344,-0.7,-4.72972972972973
2019-04-09,15:00,sh603636,南威软件,14.0,14.35,13.85,14.1,93238,131209800,0.0,0.0
2019-04-10,15:00,sh603636,南威软件,13.86,13.96,13.46,13.76,120546,165022528,-0.34,-2.4113475177304964
2019-04-11,15:00,sh603636,南威软件,13.8,13.86,13.09,13.15,129804,173405888,-0.61,-4.433139534883721
2019-04-12,15:00,sh603636,南威软件,13.18,13.28,12.85,13.15,139980,182643872,0.0,0.0
2019-04-15,15:00,sh603636,南威软件,13.35,13.54,12.88,12.9,112605,149335104,-0.25,-1.9011406844106464
2019-04-16,15:00,sh603636,南威软件,12.91,13.36,12.58,13.3,124834,162247744,0.4,3.10077519379845
2019-04-17,15:00,sh603636,南威软件,13.34,13.69,13.25,13.3,146524,196844160,0.0,0.0
2019-04-18,15:00,sh603636,南威软件,13.4,13.5,13.02,13.03,105862,139960832,-0.27,-2.030075187969925
2019-04-19,15:00,sh603636,南威软件,13.04,13.37,12.52,13.23,102372,134487232,0.2,1.5349194167306217
2019-04-22,15:00,sh603636,南威软件,13.23,13.43,12.96,13.01,106740,140689072,-0.22,-1.6628873771730914
2019-04-23,15:00,sh603636,南威软件,13.06,13.1,12.79,12.83,70994,91636888,-0.18,-1.3835511145272867
2019-04-24,15:00,sh603636,南威软件,12.85,13.47,12.74,13.38,130540,171975792,0.55,4.286827747466875
2019-04-25,15:00,sh603636,南威软件,13.05,13.05,12.29,12.29,161227,205521168,-1.09,-8.146487294469356
2019-04-26,15:00,sh603636,南威软件,12.3,12.45,12.1,12.14,112134,137331216,-0.15,-1.2205044751830758
2019-04-29,15:00,sh603636,南威软件,12.24,12.33,11.25,11.38,145362,169706992,-0.76,-6.260296540362438
2019-04-30,15:00,sh603636,南威软件,11.55,11.84,11.4,11.7,80618,93943184,0.32,2.81195079086116
2019-05-06,15:00,sh603636,南威软件,11.1,11.26,10.53,10.53,128885,139765024,-1.17,-10.0
2019-05-07,15:00,sh603636,南威软件,10.58,10.74,10.22,10.53,104497,109400944,0.0,0.0
2019-05-08,15:00,sh603636,南威软件,10.31,10.77,10.16,10.55,98385,103746584,0.02,0.1899335232668566
2019-05-09,15:00,sh603636,南威软件,10.42,10.78,10.42,10.58,69515,74099328,0.03,0.2843601895734597
2019-05-10,15:00,sh603636,南威软件,10.72,11.14,10.25,11.14,128560,138245712,0.56,5.293005671077505
2019-05-13,15:00,sh603636,南威软件,10.9,10.96,10.3,10.56,122896,131297104,-0.58,-5.206463195691203
2019-05-14,15:00,sh603636,南威软件,10.37,10.86,10.31,10.63,85031,90793024,0.07,0.6628787878787878
2019-05-15,15:00,sh603636,南威软件,10.7,10.8,10.61,10.71,75577,80867648,0.08,0.7525870178739417
2019-05-16,15:00,sh603636,南威软件,10.7,10.77,10.46,10.58,67552,71489312,-0.13,-1.2138188608776843
2019-05-17,15:00,sh603636,南威软件,10.53,10.64,9.67,9.73,131909,133151896,-0.85,-8.034026465028356
2019-05-20,15:00,sh603636,南威软件,9.87,9.99,9.63,9.97,96526,94988128,0.24,2.466598150051387
2019-05-21,15:00,sh603636,南威软件,9.99,10.3,9.8,10.3,109547,111120184,0.33,3.309929789368105
2019-05-22,15:00,sh603636,南威软件,10.27,10.43,10.11,10.33,74094,76157200,0.03,0.2912621359223301
2019-05-23,15:00,sh603636,南威软件,10.58,10.65,9.96,10.06,132377,136679120,-0.27,-2.6137463697967087
2019-05-24,15:00,sh603636,南威软件,9.87,10.03,9.71,9.84,74458,73515384,-0.22,-2.1868787276341948
2019-05-27,15:00,sh603636,南威软件,9.83,10.25,9.81,10.25,81667,82387160,0.41,4.166666666666666
2019-05-28,15:00,sh603636,南威软件,10.29,10.41,10.08,10.16,76967,78952984,-0.09,-0.878048780487805
2019-05-29,15:00,sh603636,南威软件,10.03,10.34,9.9,10.2,70909,72359688,0.04,0.3937007874015747
2019-05-30,15:00,sh603636,南威软件,10.13,10.18,9.78,9.95,85701,85265392,-0.25,-2.450980392156863
2019-05-31,15:00,sh603636,南威软件,10.0,10.17,9.91,9.98,52363,52571324,0.03,0.3015075376884422
2019-06-03,15:00,sh603636,南威软件,9.98,10.08,9.59,9.63,83485,81274000,-0.35,-3.5070140280561124
2019-06-04,15:00,sh603636,南威软件,9.65,9.76,9.42,9.55,43162,41351792,-0.08,-0.8307372793354102
2019-06-05,15:00,sh603636,南威软件,9.63,9.75,9.53,9.57,35849,34518168,0.02,0.2094240837696335
2019-06-06,15:00,sh603636,南威软件,9.57,9.59,9.05,9.16,70568,65173848,-0.41,-4.284221525600835
2019-06-10,15:00,sh603636,南威软件,9.16,9.34,9.11,9.29,56381,52122188,0.13,1.4192139737991267
2019-06-11,15:00,sh603636,南威软件,9.49,9.79,9.32,9.75,93302,89382456,0.46,4.951560818083961
2019-06-12,15:00,sh603636,南威软件,9.65,9.84,9.65,9.73,54985,53622408,-0.02,-0.2051282051282051
2019-06-13,15:00,sh603636,南威软件,9.65,9.95,9.61,9.9,63003,62052840,0.17,1.7471736896197323
2019-06-14,15:00,sh603636,南威软件,9.89,10.1,9.61,9.7,60799,59863848,-0.2,-2.0202020202020203
2019-06-17,15:00,sh603636,南威软件,9.7,9.7,9.46,9.57,33014,31588208,-0.13,-1.3402061855670102
2019-06-18,15:00,sh603636,南威软件,9.59,9.69,9.51,9.57,29175,27978618,0.0,0.0
2019-06-19,15:00,sh603636,南威软件,9.86,10.05,9.76,9.86,68195,67496304,0.29,3.0303030303030303
2019-06-20,15:00,sh603636,南威软件,9.89,10.26,9.74,10.17,81010,81427368,0.31,3.1440162271805274
2019-06-21,15:00,sh603636,南威软件,10.28,10.48,10.18,10.35,95450,98511376,0.18,1.7699115044247788
2019-06-24,15:00,sh603636,南威软件,10.4,10.68,10.26,10.4,90756,94783456,0.05,0.4830917874396135
2019-06-25,15:00,sh603636,南威软件,10.3,10.42,9.95,10.2,73488,74454360,-0.2,-1.9230769230769231
2019-06-26,15:00,sh603636,南威软件,10.11,10.4,10.08,10.2,42841,43826108,0.0,0.0
2019-06-27,15:00,sh603636,南威软件,10.28,10.37,10.16,10.34,56692,58230600,0.14,1.3725490196078431
2019-06-28,15:00,sh603636,南威软件,10.25,10.31,9.95,10.05,61651,62062504,-0.29,-2.804642166344294
2019-07-01,15:00,sh603636,南威软件,10.28,10.45,10.22,10.43,90439,93689712,0.38,3.781094527363184
2019-07-02,15:00,sh603636,南威软件,10.44,10.55,10.37,10.45,67844,70913168,0.02,0.1917545541706615
2019-07-03,15:00,sh603636,南威软件,10.38,10.4,10.16,10.24,50203,51441016,-0.21,-2.0095693779904304
2019-07-04,15:00,sh603636,南威软件,10.22,10.33,10.08,10.18,37930,38684704,-0.06,-0.5859375
2019-07-05,15:00,sh603636,南威软件,10.21,10.38,10.11,10.31,52054,53370440,0.13,1.2770137524557956
2019-07-08,15:00,sh603636,南威软件,10.31,10.35,9.81,9.99,59591,59606564,-0.32,-3.103782735208536
2019-07-09,15:00,sh603636,南威软件,9.94,9.99,9.66,9.88,41839,41182056,-0.11,-1.1011011011011012
2019-07-10,15:00,sh603636,南威软件,9.88,9.94,9.71,9.75,29016,28508480,-0.13,-1.3157894736842104
2019-07-11,15:00,sh603636,南威软件,9.9,9.99,9.72,9.76,41899,41305544,0.01,0.1025641025641025
2019-07-12,15:00,sh603636,南威软件,9.77,9.83,9.44,9.49,69628,66996668,-0.27,-2.7663934426229506
2019-07-15,15:00,sh603636,南威软件,9.44,9.82,9.33,9.75,76906,74078200,0.26,2.73972602739726
2019-07-16,15:00,sh603636,南威软件,9.73,9.88,9.72,9.81,43770,42917752,0.06,0.6153846153846154
2019-07-17,15:00,sh603636,南威软件,9.8,9.95,9.77,9.8,33415,32913258,-0.01,-0.1019367991845056
2019-07-18,15:00,sh603636,南威软件,9.76,9.77,9.53,9.53,33973,32624984,-0.27,-2.7551020408163267
2019-07-19,15:00,sh603636,南威软件,9.57,9.7,9.48,9.54,26964,25778664,0.01,0.1049317943336831
2019-07-22,15:00,sh603636,南威软件,9.47,9.62,9.13,9.18,56083,51946340,-0.36,-3.7735849056603774
2019-07-23,15:00,sh603636,南威软件,9.18,9.45,9.13,9.45,31294,28924854,0.27,2.941176470588235
2019-07-24,15:00,sh603636,南威软件,9.4,9.88,9.32,9.84,89174,86262832,0.39,4.126984126984127
2019-07-25,15:00,sh603636,南威软件,9.84,9.88,9.68,9.72,60708,59172804,-0.12,-1.2195121951219512
2019-07-26,15:00,sh603636,南威软件,9.75,9.75,9.59,9.68,33525,32404168,-0.04,-0.411522633744856
2019-07-29,15:00,sh603636,南威软件,9.69,9.73,9.63,9.71,23047,22319332,0.03,0.3099173553719008
2019-07-30,15:00,sh603636,南威软件,9.71,9.85,9.67,9.72,44134,43069144,0.01,0.1029866117404737
2019-07-31,15:00,sh603636,南威软件,9.66,9.76,9.62,9.65,25586,24772482,-0.07,-0.720164609053498
2019-08-01,15:00,sh603636,南威软件,9.58,9.72,9.55,9.67,29951,28932000,0.02,0.2072538860103626
2019-08-02,15:00,sh603636,南威软件,9.5,9.53,9.31,9.41,41811,39346072,-0.26,-2.688728024819028
2019-08-05,15:00,sh603636,南威软件,9.35,9.54,9.2,9.25,37275,35036632,-0.16,-1.7003188097768331
2019-08-06,15:00,sh603636,南威软件,9.05,9.08,8.46,8.83,85484,75076832,-0.42,-4.54054054054054
2019-08-07,15:00,sh603636,南威软件,8.85,9.05,8.76,8.76,41388,36702768,-0.07,-0.7927519818799547
2019-08-08,15:00,sh603636,南威软件,8.76,8.89,8.67,8.74,31154,27302060,-0.02,-0.228310502283105
2019-08-09,15:00,sh603636,南威软件,8.78,8.84,8.55,8.58,30983,26843512,-0.16,-1.8306636155606408
2019-08-12,15:00,sh603636,南威软件,8.6,8.77,8.56,8.76,38705,33518352,0.18,2.097902097902098
2019-08-13,15:00,sh603636,南威软件,8.8,9.1,8.7,8.99,73646,66102292,0.23,2.6255707762557075
2019-08-14,15:00,sh603636,南威软件,9.05,9.17,8.84,8.86,56932,51141944,-0.13,-1.4460511679644048
2019-08-15,15:00,sh603636,南威软件,8.62,8.91,8.59,8.86,44583,38870664,0.0,0.0
2019-08-16,15:00,sh603636,南威软件,8.86,9.03,8.81,8.92,39927,35709416,0.06,0.6772009029345373
2019-08-19,15:00,sh603636,南威软件,9.1,9.55,9.08,9.5,87822,81765032,0.58,6.502242152466367
2019-08-20,15:00,sh603636,南威软件,9.54,9.97,9.54,9.81,118042,115490880,0.31,3.263157894736842
2019-08-21,15:00,sh603636,南威软件,9.84,10.21,9.73,10.13,116121,116431632,0.32,3.26197757390418
2019-08-22,15:00,sh603636,南威软件,10.15,10.18,9.96,10.1,65664,65998996,-0.03,-0.2961500493583415
2019-08-23,15:00,sh603636,南威软件,10.18,10.26,9.92,10.0,70665,71198520,-0.1,-0.99009900990099
2019-08-26,15:00,sh603636,南威软件,9.74,10.46,9.74,10.34,153369,155395616,0.34,3.4000000000000004
2019-08-27,15:00,sh603636,南威软件,10.38,10.41,10.21,10.37,116086,119782808,0.03,0.2901353965183753
2019-08-28,15:00,sh603636,南威软件,10.34,10.35,10.13,10.15,64572,66005360,-0.22,-2.1215043394406945
2019-08-29,15:00,sh603636,南威软件,10.45,10.95,10.25,10.62,188193,199708640,0.47,4.630541871921182
2019-08-30,15:00,sh603636,南威软件,10.66,10.7,10.16,10.22,132365,137951792,-0.4,-3.766478342749529
2019-09-02,15:00,sh603636,南威软件,10.7,11.24,10.58,11.24,266101,295512256,1.02,9.980430528375733
2019-09-03,15:00,sh603636,南威软件,11.84,11.84,11.3,11.42,320881,369578304,0.18,1.601423487544484
2019-09-04,15:00,sh603636,南威软件,11.4,12.15,11.3,11.55,214760,250951776,0.13,1.138353765323993
2019-09-05,15:00,sh603636,南威软件,11.55,12.2,11.46,11.88,223238,263389824,0.33,2.857142857142857
2019-09-06,15:00,sh603636,南威软件,11.88,11.92,11.5,11.64,134156,156624832,-0.24,-2.0202020202020203
2019-09-09,15:00,sh603636,南威软件,11.79,11.96,11.58,11.9,141590,166828368,0.26,2.233676975945017
2019-09-10,15:00,sh603636,南威软件,11.9,11.95,11.34,11.59,143125,165563184,-0.31,-2.6050420168067228
2019-09-11,15:00,sh603636,南威软件,11.58,11.7,11.43,11.45,69990,80861144,-0.14,-1.207937877480587
2019-09-12,15:00,sh603636,南威软件,11.51,11.71,11.39,11.52,78364,90425776,0.07,0.611353711790393
2019-09-16,15:00,sh603636,南威软件,11.64,11.86,11.56,11.7,105166,123456608,0.18,1.5625
2019-09-17,15:00,sh603636,南威软件,11.65,11.67,11.0,11.19,117855,132691232,-0.51,-4.358974358974359
2019-09-18,15:00,sh603636,南威软件,11.26,11.4,11.11,11.27,72162,81513024,0.08,0.7149240393208222
2019-09-19,15:00,sh603636,南威软件,11.35,11.87,11.3,11.87,137621,160601136,0.6,5.323868677905945
2019-09-20,15:00,sh603636,南威软件,11.95,11.95,11.63,11.87,111186,131328552,0.0,0.0
2019-09-23,15:00,sh603636,南威软件,13.05,13.05,11.99,12.29,333814,413764576,0.42,3.5383319292333613
2019-09-24,15:00,sh603636,南威软件,12.48,12.58,12.02,12.49,229674,282938528,0.2,1.627339300244101
2019-09-25,15:00,sh603636,南威软件,12.3,13.16,12.23,12.74,267186,342028704,0.25,2.00160128102482
2019-09-26,15:00,sh603636,南威软件,12.72,13.05,11.96,12.2,224113,283006400,-0.54,-4.23861852433281
2019-09-27,15:00,sh603636,南威软件,12.2,12.38,11.86,12.1,148747,180186800,-0.1,-0.819672131147541
2019-09-30,15:00,sh603636,南威软件,12.02,12.23,11.53,11.53,106816,126253040,-0.57,-4.710743801652892
2019-10-08,15:00,sh603636,南威软件,11.46,11.92,11.18,11.36,113156,130806864,-0.17,-1.4744145706851692
2019-10-09,15:00,sh603636,南威软件,11.38,11.41,11.0,11.34,112670,126676528,-0.02,-0.176056338028169
2019-10-10,15:00,sh603636,南威软件,11.39,11.46,11.2,11.37,86235,97775680,0.03,0.2645502645502645
2019-10-11,15:00,sh603636,南威软件,11.38,11.42,11.03,11.18,82605,92350752,-0.19,-1.6710642040457344
2019-10-14,15:00,sh603636,南威软件,11.28,11.49,11.24,11.37,84866,96560840,0.19,1.699463327370304
2019-10-15,15:00,sh603636,南威软件,11.34,11.34,10.8,10.89,102517,112407600,-0.48,-4.221635883905013
2019-10-16,15:00,sh603636,南威软件,10.97,11.18,10.79,10.87,71497,78246808,-0.02,-0.1836547291092745
2019-10-17,15:00,sh603636,南威软件,10.85,11.35,10.72,11.35,124268,138855920,0.48,4.415823367065317
2019-10-18,15:00,sh603636,南威软件,11.35,11.45,10.98,11.13,131477,147574288,-0.22,-1.9383259911894275
2019-10-21,15:00,sh603636,南威软件,10.98,11.09,10.7,10.94,60871,66244516,-0.19,-1.707097933513028
2019-10-22,15:00,sh603636,南威软件,10.88,11.29,10.88,11.24,74299,82605824,0.3,2.742230347349177
2019-10-23,15:00,sh603636,南威软件,11.19,11.32,10.99,10.99,60404,67420944,-0.25,-2.224199288256228
2019-10-24,15:00,sh603636,南威软件,11.0,11.29,10.97,11.29,76013,84787672,0.3,2.72975432211101
2019-10-25,15:00,sh603636,南威软件,11.21,11.25,11.1,11.2,92799,103710624,-0.09,-0.7971656333038087
2019-10-28,15:00,sh603636,南威软件,12.32,12.32,12.32,12.32,94892,116907408,1.12,10.0
2019-10-29,15:00,sh603636,南威软件,12.48,13.3,12.28,12.32,509386,650793536,0.0,0.0
2019-10-30,15:00,sh603636,南威软件,11.87,12.33,11.5,11.8,250243,298211200,-0.52,-4.220779220779221
2019-10-31,15:00,sh603636,南威软件,11.81,11.91,11.41,11.5,156076,181583584,-0.3,-2.5423728813559325
2019-11-01,15:00,sh603636,南威软件,11.42,11.59,11.32,11.51,116776,134175104,0.01,0.0869565217391304
2019-11-04,15:00,sh603636,南威软件,11.68,11.79,11.38,11.41,113029,131232736,-0.1,-0.8688097306689836
2019-11-05,15:00,sh603636,南威软件,11.45,11.46,11.22,11.36,89912,101888888,-0.05,-0.4382120946538124
2019-11-06,15:00,sh603636,南威软件,11.3,11.54,11.11,11.5,101847,115405904,0.14,1.232394366197183
2019-11-07,15:00,sh603636,南威软件,11.42,11.72,11.41,11.62,110878,128359968,0.12,1.0434782608695654
2019-11-08,15:00,sh603636,南威软件,11.64,11.83,11.41,11.52,100769,117341456,-0.1,-0.8605851979345954
2019-11-11,15:00,sh603636,南威软件,11.38,11.38,10.9,10.9,83705,93105752,-0.62,-5.381944444444445
2019-11-12,15:00,sh603636,南威软件,10.93,11.0,10.81,10.91,64961,70808112,0.01,0.091743119266055
2019-11-13,15:00,sh603636,南威软件,10.92,10.92,10.65,10.75,58344,62800000,-0.16,-1.466544454628781
2019-11-14,15:00,sh603636,南威软件,10.74,10.87,10.64,10.79,59004,63598016,0.04,0.3720930232558139
2019-11-15,15:00,sh603636,南威软件,10.83,10.91,10.65,10.71,52291,56336648,-0.08,-0.7414272474513438
2019-11-18,15:00,sh603636,南威软件,10.61,10.75,10.61,10.65,55386,59045972,-0.06,-0.5602240896358543
2019-11-19,15:00,sh603636,南威软件,10.69,10.92,10.61,10.89,64172,69487360,0.24,2.2535211267605635
2019-11-20,15:00,sh603636,南威软件,10.85,11.07,10.75,10.77,46023,50190880,-0.12,-1.1019283746556474
2019-11-21,15:00,sh603636,南威软件,10.52,10.8,10.52,10.79,33999,36363520,0.02,0.1857010213556174
2019-11-22,15:00,sh603636,南威软件,10.77,11.0,10.47,10.56,65068,69716328,-0.23,-2.131603336422614
2019-11-25,15:00,sh603636,南威软件,10.71,10.77,10.52,10.58,37552,39945652,0.02,0.1893939393939394
2019-11-26,15:00,sh603636,南威软件,10.6,10.69,10.42,10.42,36755,38723532,-0.16,-1.5122873345935728
2019-11-27,15:00,sh603636,南威软件,10.39,10.49,10.3,10.41,35229,36646608,-0.01,-0.0959692898272552
2019-11-28,15:00,sh603636,南威软件,10.41,10.48,10.16,10.24,47071,48617644,-0.17,-1.633045148895293
2019-11-29,15:00,sh603636,南威软件,10.27,10.36,10.1,10.29,55915,57272840,0.05,0.48828125
2019-12-02,15:00,sh603636,南威软件,10.37,10.5,10.32,10.45,44877,46830136,0.16,1.5549076773566568
2019-12-03,15:00,sh603636,南威软件,10.48,10.6,10.37,10.59,40058,42074936,0.14,1.3397129186602872
2019-12-04,15:00,sh603636,南威软件,10.51,10.67,10.5,10.57,29973,31736844,-0.02,-0.1888574126534466
2019-12-05,15:00,sh603636,南威软件,10.6,10.72,10.55,10.7,43717,46627320,0.13,1.229895931882687
2019-12-06,15:00,sh603636,南威软件,10.72,10.77,10.58,10.75,46078,49258072,0.05,0.4672897196261681
2019-12-09,15:00,sh603636,南威软件,10.79,10.95,10.73,10.85,55466,60252148,0.1,0.9302325581395348
2019-12-10,15:00,sh603636,南威软件,10.89,11.12,10.77,10.98,69204,75781376,0.13,1.19815668202765
2019-12-11,15:00,sh603636,南威软件,11.07,11.28,10.95,10.98,78095,86697344,0.0,0.0
2019-12-12,15:00,sh603636,南威软件,10.93,11.16,10.91,10.96,57829,63808884,-0.02,-0.1821493624772313
2019-12-13,15:00,sh603636,南威软件,11.03,11.15,10.92,11.07,60724,66947208,0.11,1.0036496350364963
2019-12-16,15:00,sh603636,南威软件,11.07,11.62,11.07,11.56,111998,127715488,0.49,4.426377597109305
2019-12-17,15:00,sh603636,南威软件,11.58,12.08,11.55,11.77,124745,147389824,0.21,1.8166089965397925
2019-12-18,15:00,sh603636,南威软件,11.75,11.95,11.71,11.76,95128,112627656,-0.01,-0.0849617672047578
2019-12-19,15:00,sh603636,南威软件,11.76,12.0,11.74,11.89,67587,80249872,0.13,1.1054421768707483
2019-12-20,15:00,sh603636,南威软件,11.89,11.99,11.57,11.57,84677,99655360,-0.32,-2.691337258200168
2019-12-23,15:00,sh603636,南威软件,11.81,11.99,11.35,11.43,99519,116150400,-0.14,-1.2100259291270528
2019-12-24,15:00,sh603636,南威软件,11.42,11.62,11.29,11.59,76392,87619616,0.16,1.399825021872266
2019-12-25,15:00,sh603636,南威软件,11.51,11.88,11.51,11.72,74951,87899424,0.13,1.1216566005176878
2019-12-26,15:00,sh603636,南威软件,11.71,11.88,11.58,11.78,64959,76165336,0.06,0.5119453924914675
2019-12-27,15:00,sh603636,南威软件,11.81,11.94,11.46,11.53,77209,90591856,-0.25,-2.122241086587436
2019-12-30,15:00,sh603636,南威软件,11.27,11.43,11.11,11.3,84204,94979392,-0.23,-1.99479618386817
2019-12-31,15:00,sh603636,南威软件,11.36,11.41,11.26,11.33,48480,54996040,0.03,0.2654867256637168
2020-01-02,15:00,sh603636,南威软件,11.44,11.78,11.38,11.67,68002,79126912,0.34,3.000882612533098
2020-01-03,15:00,sh603636,南威软件,11.71,11.92,11.62,11.69,90155,105656880,0.02,0.1713796058269066
2020-01-06,15:00,sh603636,南威软件,11.6,11.9,11.57,11.76,127002,149282016,0.07,0.5988023952095809
2020-01-07,15:00,sh603636,南威软件,11.83,12.05,11.7,12.04,144843,172459104,0.28,2.380952380952381
2020-01-08,15:00,sh603636,南威软件,11.93,12.35,11.86,11.9,166488,201448672,-0.14,-1.162790697674419
2020-01-09,15:00,sh603636,南威软件,12.09,12.45,12.01,12.38,175891,215580816,0.48,4.033613445378151
2020-01-10,15:00,sh603636,南威软件,12.4,12.5,12.16,12.26,106343,130621568,-0.12,-0.9693053311793216
2020-01-13,15:00,sh603636,南威软件,12.2,12.26,11.95,12.25,99922,121107168,-0.01,-0.0815660685154975
2020-01-14,15:00,sh603636,南威软件,12.25,12.3,11.96,12.03,96060,116408144,-0.22,-1.7959183673469388
2020-01-15,15:00,sh603636,南威软件,12.06,12.25,12.01,12.18,97248,118184152,0.15,1.2468827930174564
2020-01-16,15:00,sh603636,南威软件,12.16,12.32,12.04,12.09,84390,102510440,-0.09,-0.7389162561576355
2020-01-17,15:00,sh603636,南威软件,12.12,12.19,11.83,11.95,96347,115490384,-0.14,-1.1579818031430935
2020-01-20,15:00,sh603636,南威软件,11.98,12.12,11.75,12.03,93744,112171208,0.08,0.6694560669456067
2020-01-21,15:00,sh603636,南威软件,11.94,12.02,11.59,11.6,92043,108163488,-0.43,-3.5743973399833746
2020-01-22,15:00,sh603636,南威软件,11.57,11.67,11.25,11.57,79660,91474280,-0.03,-0.2586206896551724
2020-01-23,15:00,sh603636,南威软件,11.58,11.63,10.87,10.97,98570,110877128,-0.6,-5.185825410544512
2020-02-03,15:00,sh603636,南威软件,9.87,10.21,9.87,9.87,79566,78732792,-1.1,-10.027347310847768
2020-02-04,15:00,sh603636,南威软件,9.6,10.36,9.6,10.32,134304,134926256,0.45,4.5592705167173255
2020-02-05,15:00,sh603636,南威软件,10.3,10.7,10.23,10.42,113284,118375704,0.1,0.9689922480620154
2020-02-06,15:00,sh603636,南威软件,10.47,11.38,10.35,11.15,169477,183682240,0.73,7.005758157389636
2020-02-07,15:00,sh603636,南威软件,12.0,12.27,11.45,12.27,415386,497763936,1.12,10.044843049327351
2020-02-10,15:00,sh603636,南威软件,12.66,12.89,12.11,12.43,422927,527857152,0.16,1.3039934800325998
2020-02-11,15:00,sh603636,南威软件,13.06,13.58,12.61,12.98,462146,608865344,0.55,4.424778761061947
2020-02-12,15:00,sh603636,南威软件,12.69,13.31,12.58,13.22,369075,480567264,0.24,1.848998459167951
2020-02-13,15:00,sh603636,南威软件,13.27,14.07,13.06,13.5,364815,496142080,0.28,2.118003025718608
2020-02-14,15:00,sh603636,南威软件,13.31,13.94,13.31,13.56,285582,388735680,0.06,0.4444444444444444
2020-02-17,15:00,sh603636,南威软件,13.86,14.17,13.53,13.87,268678,371638304,0.31,2.286135693215339
2020-02-18,15:00,sh603636,南威软件,14.17,15.26,14.16,15.26,173002,255878976,1.39,10.021629416005768
2020-02-19,15:00,sh603636,南威软件,15.98,16.65,14.6,14.62,569700,886079360,-0.64,-4.193971166448231
2020-02-20,15:00,sh603636,南威软件,14.61,14.97,14.38,14.8,316876,465749408,0.18,1.231190150478796
2020-02-21,15:00,sh603636,南威软件,14.55,15.41,14.5,15.05,323313,487379808,0.25,1.6891891891891893
2020-02-24,15:00,sh603636,南威软件,15.22,15.78,15.05,15.65,273408,424626048,0.6,3.986710963455149
2020-02-25,15:00,sh603636,南威软件,15.16,15.6,14.64,15.46,312257,475075616,-0.19,-1.2140575079872205
2020-02-26,15:00,sh603636,南威软件,15.11,15.35,14.51,14.64,220964,329417664,-0.82,-5.304010349288486
2020-02-27,15:00,sh603636,南威软件,14.64,15.45,14.47,15.39,268674,405415456,0.75,5.122950819672131
2020-02-28,15:00,sh603636,南威软件,14.8,14.89,14.17,14.28,229373,334097344,-1.11,-7.212475633528265
2020-03-02,15:00,sh603636,南威软件,14.65,15.36,14.4,15.12,217549,324101792,0.84,5.88235294117647
2020-03-03,15:00,sh603636,南威软件,15.36,15.71,14.9,15.08,259198,398456896,-0.04,-0.2645502645502645
2020-03-04,15:00,sh603636,南威软件,14.69,15.42,14.61,15.18,208055,313185728,0.1,0.6631299734748011
2020-03-05,15:00,sh603636,南威软件,15.3,15.7,14.88,15.08,277891,424261216,-0.1,-0.6587615283267457
2020-03-06,15:00,sh603636,南威软件,14.82,14.94,14.61,14.66,175594,259027216,-0.42,-2.7851458885941645
2020-03-09,15:00,sh603636,南威软件,14.4,14.49,13.62,13.66,237380,332087616,-1.0,-6.8212824010914055
2020-03-10,15:00,sh603636,南威软件,13.6,14.17,13.32,14.08,204387,281404640,0.42,3.074670571010249
2020-03-11,15:00,sh603636,南威软件,13.97,14.44,13.59,13.64,190621,268311600,-0.44,-3.125
2020-03-12,15:00,sh603636,南威软件,13.45,13.8,13.21,13.35,128711,172821136,-0.29,-2.126099706744868
2020-03-13,15:00,sh603636,南威软件,12.6,13.39,12.6,13.1,158525,205446016,-0.25,-1.872659176029963
2020-03-16,15:00,sh603636,南威软件,13.59,14.1,12.9,12.91,344749,470769888,-0.19,-1.450381679389313
2020-03-17,15:00,sh603636,南威软件,13.0,13.56,12.59,13.35,280335,370436544,0.44,3.4082106893880715
2020-03-18,15:00,sh603636,南威软件,13.29,13.64,12.92,13.19,355678,470740928,-0.16,-1.198501872659176
2020-03-19,15:00,sh603636,南威软件,13.18,13.42,12.95,13.21,232838,307362752,0.02,0.1516300227445034
2020-03-20,15:00,sh603636,南威软件,13.28,13.36,12.52,12.69,269660,346804576,-0.52,-3.936411809235428
2020-03-23,15:00,sh603636,南威软件,12.16,12.39,11.7,11.82,207889,251048528,-0.87,-6.8557919621749415
2020-03-24,15:00,sh603636,南威软件,12.1,12.52,12.04,12.44,210792,258941728,0.62,5.245346869712352
2020-03-25,15:00,sh603636,南威软件,12.73,12.78,12.4,12.49,158161,199073984,0.05,0.4019292604501607
2020-03-26,15:00,sh603636,南威软件,12.42,12.56,12.12,12.17,139381,171692784,-0.32,-2.5620496397117694
2020-03-27,15:00,sh603636,南威软件,12.38,12.43,11.84,11.88,140812,170296160,-0.29,-2.38290879211175
2020-03-30,15:00,sh603636,南威软件,11.65,11.69,11.09,11.36,149635,169293584,-0.52,-4.377104377104377
2020-03-31,15:00,sh603636,南威软件,11.53,11.59,11.22,11.24,87837,100253928,-0.12,-1.056338028169014
2020-04-01,15:00,sh603636,南威软件,11.17,11.47,11.09,11.16,99505,112391360,-0.08,-0.7117437722419928
2020-04-02,15:00,sh603636,南威软件,11.13,11.76,11.08,11.75,140648,160817808,0.59,5.28673835125448
2020-04-03,15:00,sh603636,南威软件,11.67,12.03,11.6,11.84,143486,169376368,0.09,0.7659574468085106
2020-04-07,15:00,sh603636,南威软件,12.2,12.54,12.14,12.3,165033,203679472,0.46,3.885135135135135
2020-04-08,15:00,sh603636,南威软件,12.29,12.64,12.17,12.47,135010,168396928,0.17,1.3821138211382114
2020-04-09,15:00,sh603636,南威软件,12.55,12.81,12.41,12.7,162352,205147120,0.23,1.8444266238973537
2020-04-10,15:00,sh603636,南威软件,12.66,12.66,12.12,12.24,136178,168109264,-0.46,-3.622047244094488
2020-04-13,15:00,sh603636,南威软件,12.09,12.1,11.7,11.83,118531,140991424,-0.41,-3.349673202614379
2020-04-14,15:00,sh603636,南威软件,11.95,12.09,11.83,12.05,83604,100091112,0.22,1.8596787827557055
2020-04-15,15:00,sh603636,南威软件,12.05,12.22,11.81,11.85,83650,100606960,-0.2,-1.6597510373443984
2020-04-16,15:00,sh603636,南威软件,11.9,12.9,11.77,12.75,261677,326017024,0.9,7.59493670886076
2020-04-17,15:00,sh603636,南威软件,12.64,12.88,12.58,12.7,190221,242293936,-0.05,-0.392156862745098
2020-04-20,15:00,sh603636,南威软件,12.74,13.14,12.63,13.01,180817,233680976,0.31,2.440944881889764
2020-04-21,15:00,sh603636,南威软件,13.2,13.4,12.91,13.25,258028,339512704,0.24,1.8447348193697155
2020-04-22,15:00,sh603636,南威软件,13.06,13.25,12.92,13.2,156706,205405392,-0.05,-0.3773584905660377
2020-04-23,15:00,sh603636,南威软件,13.27,13.28,12.7,12.85,137259,178180432,-0.35,-2.6515151515151514
2020-04-24,15:00,sh603636,南威软件,12.81,13.04,12.44,12.49,133933,170123872,-0.36,-2.8015564202334637
2020-04-27,15:00,sh603636,南威软件,12.53,12.7,12.36,12.42,101476,126808720,-0.07,-0.5604483586869495
2020-04-28,15:00,sh603636,南威软件,12.41,12.59,11.77,12.26,130077,159223952,-0.16,-1.288244766505636
2020-04-29,15:00,sh603636,南威软件,12.03,12.24,11.73,11.88,198715,237363424,-0.38,-3.0995106035889077
2020-04-30,15:00,sh603636,南威软件,11.95,12.32,11.95,12.25,158655,193391344,0.37,3.114478114478114
2020-05-06,15:00,sh603636,南威软件,12.09,12.32,11.96,12.29,142300,172943504,0.04,0.326530612244898
2020-05-07,15:00,sh603636,南威软件,12.3,12.38,11.94,11.96,136453,165047376,-0.33,-2.685109845402766
2020-05-08,15:00,sh603636,南威软件,12.05,13.16,12.03,13.16,242729,310292064,1.2,10.033444816053512
2020-05-11,15:00,sh603636,南威软件,13.39,13.68,13.13,13.37,377190,505196064,0.21,1.5957446808510638
2020-05-12,15:00,sh603636,南威软件,13.37,13.44,12.75,13.02,237937,309159136,-0.35,-2.6178010471204187
2020-05-13,15:00,sh603636,南威软件,12.94,13.05,12.77,12.96,142329,183613024,-0.06,-0.4608294930875576
2020-05-14,15:00,sh603636,南威软件,12.85,13.09,12.8,12.86,144011,185945088,-0.1,-0.7716049382716049
2020-05-15,15:00,sh603636,南威软件,12.93,13.08,12.75,12.79,155147,200420352,-0.07,-0.5443234836702955
2020-05-18,15:00,sh603636,南威软件,12.74,12.83,12.13,12.16,191449,237221520,-0.63,-4.925723221266614
2020-05-19,15:00,sh603636,南威软件,12.32,12.42,12.2,12.35,102786,126532560,0.19,1.5625
2020-05-20,15:00,sh603636,南威软件,12.39,12.41,12.06,12.15,143382,174244128,-0.2,-1.6194331983805668
2020-05-21,15:00,sh603636,南威软件,12.2,12.27,11.8,11.88,136472,163402144,-0.27,-2.2222222222222223
2020-05-22,15:00,sh603636,南威软件,11.88,12.06,11.6,11.69,102688,121203192,-0.19,-1.5993265993265993
2020-05-25,15:00,sh603636,南威软件,11.65,11.72,11.3,11.39,99468,114226384,-0.3,-2.5662959794696323
2020-05-26,15:00,sh603636,南威软件,11.48,11.82,11.48,11.8,81697,95286848,0.41,3.5996488147497807
2020-05-27,15:00,sh603636,南威软件,11.8,11.92,11.55,11.87,98590,115756736,0.07,0.5932203389830508
2020-05-28,15:00,sh603636,南威软件,11.9,11.99,11.51,11.78,94450,111012352,-0.09,-0.7582139848357203
2020-05-29,15:00,sh603636,南威软件,11.69,11.91,11.65,11.84,70403,83188904,0.06,0.5093378607809848
2020-06-01,15:00,sh603636,南威软件,11.9,12.22,11.9,12.2,112084,135845632,0.36,3.040540540540541
2020-06-02,15:00,sh603636,南威软件,12.23,12.25,12.1,12.19,89533,108843600,-0.01,-0.081967213114754
2020-06-03,15:00,sh603636,南威软件,12.23,12.26,12.0,12.0,94992,115398568,-0.19,-1.5586546349466777
2020-06-04,15:00,sh603636,南威软件,11.98,12.06,11.7,11.89,113582,134182872,-0.11,-0.9166666666666666
2020-06-05,15:00,sh603636,南威软件,11.84,11.88,11.68,11.81,73662,86799784,-0.08,-0.6728343145500421
2020-06-08,15:00,sh603636,南威软件,11.89,11.97,11.69,11.77,86380,102023960,-0.04,-0.3386960203217612
2020-06-09,15:00,sh603636,南威软件,11.78,11.9,11.64,11.87,81576,96107136,0.1,0.8496176720475787
2020-06-10,15:00,sh603636,南威软件,11.85,11.87,11.71,11.83,52606,61956980,-0.04,-0.3369839932603201
2020-06-11,15:00,sh603636,南威软件,11.83,12.05,11.7,11.81,98541,117157200,-0.02,-0.1690617075232459
2020-06-12,15:00,sh603636,南威软件,11.51,11.8,11.51,11.75,67970,79183504,-0.06,-0.5080440304826418
2020-06-15,15:00,sh603636,南威软件,11.73,11.88,11.65,11.66,65263,76718240,-0.09,-0.7659574468085106
2020-06-16,15:00,sh603636,南威软件,11.8,11.95,11.7,11.93,88183,104290680,0.27,2.3156089193825045
2020-06-17,15:00,sh603636,南威软件,11.95,12.09,11.8,12.06,98449,117909040,0.13,1.0896898575020957
2020-06-18,15:00,sh603636,南威软件,11.97,12.08,11.88,11.95,66384,79318736,-0.11,-0.9121061359867332
2020-06-19,15:00,sh603636,南威软件,11.8,11.85,11.6,11.78,71831,84232040,-0.17,-1.4225941422594142
2020-06-22,15:00,sh603636,南威软件,11.89,12.36,11.89,12.08,136465,165828800,0.3,2.546689303904924
2020-06-23,15:00,sh603636,南威软件,12.29,12.29,12.1,12.16,142374,173505328,0.08,0.6622516556291391
2020-06-24,15:00,sh603636,南威软件,12.19,12.32,12.08,12.15,89550,109060256,-0.01,-0.0822368421052631
2020-06-29,15:00,sh603636,南威软件,12.08,12.13,11.9,11.93,70086,83945312,-0.22,-1.8106995884773665
2020-06-30,15:00,sh603636,南威软件,11.95,12.15,11.95,12.1,84619,102270832,0.17,1.4249790444258172
2020-07-01,15:00,sh603636,南威软件,12.25,12.3,11.98,12.12,110722,134544512,0.02,0.1652892561983471
2020-07-02,15:00,sh603636,南威软件,12.21,12.91,12.1,12.58,226040,283320544,0.46,3.7953795379537953
2020-07-03,15:00,sh603636,南威软件,12.46,12.72,12.42,12.62,190643,239443104,0.04,0.3179650238473768
2020-07-06,15:00,sh603636,南威软件,12.76,13.27,12.7,13.17,216252,281445280,0.55,4.3581616481774965
2020-07-07,15:00,sh603636,南威软件,13.5,13.92,13.16,13.29,268169,363609088,0.12,0.9111617312072892
2020-07-08,15:00,sh603636,南威软件,13.25,13.95,13.25,13.89,226901,312366976,0.6,4.514672686230249
2020-07-09,15:00,sh603636,南威软件,13.95,14.22,13.75,14.03,223769,312543584,0.14,1.0079193664506838
2020-07-10,15:00,sh603636,南威软件,13.88,14.35,13.78,14.02,188714,266293296,-0.01,-0.0712758374910905
2020-07-13,15:00,sh603636,南威软件,14.01,14.26,14.01,14.24,172122,243945056,0.22,1.5691868758915837
2020-07-14,15:00,sh603636,南威软件,14.25,14.28,13.54,13.82,234338,324164160,-0.42,-2.9494382022471908
2020-07-15,15:00,sh603636,南威软件,13.87,14.15,13.55,13.67,184683,255801920,-0.15,-1.085383502170767
2020-07-16,15:00,sh603636,南威软件,13.67,13.86,12.89,12.9,173868,232294080,-0.77,-5.632772494513533
2020-07-17,15:00,sh603636,南威软件,12.96,13.08,12.4,12.53,129775,164554480,-0.37,-2.8682170542635657
2020-07-20,15:00,sh603636,南威软件,12.74,12.95,12.55,12.92,93424,119416016,0.39,3.1125299281723864
2020-07-21,15:00,sh603636,南威软件,14.21,14.21,13.3,13.33,575849,803545856,0.41,3.173374613003096
2020-07-22,15:00,sh603636,南威软件,12.82,13.65,12.68,13.16,344908,456442208,-0.17,-1.275318829707427
2020-07-23,15:00,sh603636,南威软件,13.34,13.5,12.87,13.37,224138,296449536,0.21,1.5957446808510638
2020-07-24,15:00,sh603636,南威软件,13.49,14.51,13.41,13.61,396901,551415424,0.24,1.795063575168287
2020-07-27,15:00,sh603636,南威软件,13.93,14.07,13.41,13.48,256425,353017984,-0.13,-0.9551800146950772
2020-07-28,15:00,sh603636,南威软件,13.68,13.71,13.07,13.2,201448,269119360,-0.28,-2.0771513353115725
2020-07-29,15:00,sh603636,南威软件,13.07,13.61,12.93,13.6,184285,245402208,0.4,3.0303030303030303
2020-07-30,15:00,sh603636,南威软件,13.61,13.79,13.1,13.13,191108,256516736,-0.47,-3.4558823529411766
2020-07-31,15:00,sh603636,南威软件,13.12,14.44,13.12,14.44,496671,706688832,1.31,9.977151561309975
2020-08-03,15:00,sh603636,南威软件,14.9,15.18,14.57,14.96,586060,872116032,0.52,3.601108033240997
2020-08-04,15:00,sh603636,南威软件,14.79,14.85,14.14,14.25,363613,526192608,-0.71,-4.745989304812834
2020-08-05,15:00,sh603636,南威软件,14.6,15.16,14.18,14.83,398602,585499328,0.58,4.0701754385964914
2020-08-06,15:00,sh603636,南威软件,14.64,15.29,14.36,14.86,394452,585873024,0.03,0.2022926500337154
2020-08-07,15:00,sh603636,南威软件,14.6,14.73,14.17,14.51,269542,388544096,-0.35,-2.355316285329744
2020-08-10,15:00,sh603636,南威软件,14.81,15.06,14.3,14.8,313303,462533248,0.29,1.9986216402481043
2020-08-11,15:00,sh603636,南威软件,14.69,14.99,14.41,14.5,216268,317671648,-0.3,-2.027027027027027
2020-08-12,15:00,sh603636,南威软件,14.5,14.67,13.83,14.18,176427,249988192,-0.32,-2.206896551724138
2020-08-13,15:00,sh603636,南威软件,14.23,14.43,13.96,14.09,122458,173031472,-0.09,-0.6346967559943583
2020-08-14,15:00,sh603636,南威软件,14.01,14.23,13.95,14.23,105115,148145936,0.14,0.99361249112846
2020-08-17,15:00,sh603636,南威软件,14.35,14.63,14.2,14.59,152816,220757008,0.36,2.52986647926915
2020-08-18,15:00,sh603636,南威软件,14.52,14.65,14.31,14.58,130709,189365664,-0.01,-0.0685400959561343
2020-08-19,15:00,sh603636,南威软件,14.56,14.59,13.8,14.0,136437,194250464,-0.58,-3.9780521262002746
2020-08-20,15:00,sh603636,南威软件,13.82,13.93,13.46,13.47,118956,162646112,-0.53,-3.785714285714286
2020-08-21,15:00,sh603636,南威软件,13.59,13.75,13.4,13.54,82045,111291448,0.07,0.5196733481811433
2020-08-24,15:00,sh603636,南威软件,13.47,13.75,13.21,13.7,70847,96116480,0.16,1.1816838995568686
2020-08-25,15:00,sh603636,南威软件,13.83,13.97,13.55,13.69,80515,111049720,-0.01,-0.072992700729927
2020-08-26,15:00,sh603636,南威软件,13.72,14.12,13.6,13.73,111652,154938320,0.04,0.2921840759678598
2020-08-27,15:00,sh603636,南威软件,13.56,13.81,13.43,13.67,68814,93597400,-0.06,-0.4369992716678805
2020-08-28,15:00,sh603636,南威软件,13.62,13.9,13.52,13.85,66294,91043944,0.18,1.3167520117044622
2020-08-31,15:00,sh603636,南威软件,13.79,13.95,13.48,13.54,120918,165262544,-0.31,-2.2382671480144403
2020-09-01,15:00,sh603636,南威软件,13.54,13.68,13.41,13.61,55980,75731408,0.07,0.51698670605613
2020-09-02,15:00,sh603636,南威软件,13.56,13.65,13.32,13.46,82834,111344400,-0.15,-1.1021307861866276
2020-09-03,15:00,sh603636,南威软件,13.46,13.47,12.79,12.89,164431,214931856,-0.57,-4.234769687964339
2020-09-04,15:00,sh603636,南威软件,12.6,12.82,12.5,12.81,86057,108722544,-0.08,-0.6206361520558572
2020-09-07,15:00,sh603636,南威软件,12.82,13.05,12.6,12.66,66403,85451472,-0.15,-1.1709601873536302
2020-09-08,15:00,sh603636,南威软件,12.69,13.02,12.62,13.02,66685,85742704,0.36,2.843601895734597
2020-09-09,15:00,sh603636,南威软件,12.85,13.15,12.67,12.9,70520,91249104,-0.12,-0.9216589861751152
2020-09-10,15:00,sh603636,南威软件,13.04,13.18,12.51,12.56,60829,78132752,-0.34,-2.635658914728682
2020-09-11,15:00,sh603636,南威软件,12.58,12.95,12.4,12.85,48920,62543768,0.29,2.3089171974522293
2020-09-14,15:00,sh603636,南威软件,12.92,13.15,12.8,12.98,72614,94330112,0.13,1.0116731517509727
2020-09-15,15:00,sh603636,南威软件,12.97,13.06,12.83,13.0,43546,56327080,0.02,0.1540832049306625
2020-09-16,15:00,sh603636,南威软件,13.0,13.01,12.65,12.71,56600,72316928,-0.29,-2.230769230769231
2020-09-17,15:00,sh603636,南威软件,12.73,12.91,12.58,12.81,46404,59108072,0.1,0.7867820613690008
2020-09-18,15:00,sh603636,南威软件,12.85,13.07,12.77,13.03,60749,78482904,0.22,1.717408274785324
2020-09-21,15:00,sh603636,南威软件,13.08,13.23,12.96,13.1,55660,73025472,0.07,0.5372217958557176
2020-09-22,15:00,sh603636,南威软件,13.0,13.17,12.89,13.0,46024,59942304,-0.1,-0.7633587786259541
2020-09-23,15:00,sh603636,南威软件,13.07,13.09,12.86,12.93,32626,42264432,-0.07,-0.5384615384615384
2020-09-24,15:00,sh603636,南威软件,12.8,12.85,12.21,12.24,84212,105168608,-0.69,-5.336426914153132
2020-09-25,15:00,sh603636,南威软件,12.34,12.36,12.08,12.1,42320,51669800,-0.14,-1.1437908496732023
2020-09-28,15:00,sh603636,南威软件,12.18,12.2,11.93,12.11,32323,38992352,0.01,0.0826446280991735
2020-09-29,15:00,sh603636,南威软件,12.11,12.37,12.1,12.12,28963,35388912,0.01,0.0825763831544178
2020-09-30,15:00,sh603636,南威软件,12.09,12.24,11.87,12.0,35050,42221184,-0.12,-0.99009900990099
2020-10-09,15:00,sh603636,南威软件,12.18,12.33,12.17,12.31,31746,38958680,0.31,2.583333333333333
2020-10-12,15:00,sh603636,南威软件,12.4,12.68,12.36,12.65,45324,56922288,0.34,2.761982128350934
2020-10-13,15:00,sh603636,南威软件,12.58,12.65,12.43,12.56,36389,45664640,-0.09,-0.7114624505928854
2020-10-14,15:00,sh603636,南威软件,12.48,12.62,12.3,12.33,33589,41634656,-0.23,-1.8312101910828025
2020-10-15,15:00,sh603636,南威软件,12.28,12.35,12.08,12.1,40207,48891856,-0.23,-1.8653690186536904
2020-10-16,15:00,sh603636,南威软件,12.19,12.19,11.8,11.9,59225,70677944,-0.2,-1.6528925619834711
2020-10-19,15:00,sh603636,南威软件,11.93,11.98,11.86,11.94,33061,39389040,0.04,0.3361344537815126
2020-10-20,15:00,sh603636,南威软件,11.9,12.07,11.86,12.05,29386,35096296,0.11,0.9212730318257956
2020-10-21,15:00,sh603636,南威软件,12.05,12.05,11.89,11.91,26005,31059828,-0.14,-1.161825726141079
2020-10-22,15:00,sh603636,南威软件,11.9,12.27,11.88,12.23,65121,79056080,0.32,2.686817800167926
2020-10-23,15:00,sh603636,南威软件,12.19,12.25,11.89,11.94,42062,50680204,-0.29,-2.3712183156173343
2020-10-26,15:00,sh603636,南威软件,11.5,11.5,10.88,11.1,98092,109278040,-0.84,-7.035175879396985
2020-10-27,15:00,sh603636,南威软件,11.12,11.14,10.74,10.83,64323,70186832,-0.27,-2.4324324324324325
2020-10-28,15:00,sh603636,南威软件,10.85,10.91,10.65,10.79,43713,47096388,-0.04,-0.3693444136657433
2020-10-29,15:00,sh603636,南威软件,10.6,10.75,10.54,10.63,55178,58715900,-0.16,-1.4828544949026876
2020-10-30,15:00,sh603636,南威软件,10.7,10.78,10.37,10.48,50612,53577120,-0.15,-1.4111006585136407
2020-11-02,15:00,sh603636,南威软件,10.48,10.53,9.97,10.09,98175,99573672,-0.39,-3.7213740458015274
2020-11-03,15:00,sh603636,南威软件,10.18,10.71,10.15,10.52,88404,92707688,0.43,4.261645193260654
2020-11-04,15:00,sh603636,南威软件,10.4,10.5,10.18,10.23,51679,53135600,-0.29,-2.7566539923954374
2020-11-05,15:00,sh603636,南威软件,10.45,10.5,10.2,10.49,54531,56561916,0.26,2.541544477028348
2020-11-06,15:00,sh603636,南威软件,10.52,10.55,10.21,10.32,46355,47861880,-0.17,-1.6205910390848426
2020-11-09,15:00,sh603636,南威软件,10.36,10.62,10.36,10.55,63729,66942860,0.23,2.228682170542636
2020-11-10,15:00,sh603636,南威软件,10.54,10.64,10.36,10.42,49136,51508376,-0.13,-1.2322274881516588
2020-11-11,15:00,sh603636,南威软件,10.42,10.42,10.12,10.15,52103,53311828,-0.27,-2.5911708253358925
2020-11-12,15:00,sh603636,南威软件,10.23,10.28,10.08,10.13,38485,39162744,-0.02,-0.1970443349753694
2020-11-13,15:00,sh603636,南威软件,10.15,10.25,10.04,10.16,53449,54328828,0.03,0.2961500493583415
2020-11-16,15:00,sh603636,南威软件,10.19,10.24,10.14,10.18,42676,43469532,0.02,0.1968503937007873
2020-11-17,15:00,sh603636,南威软件,10.15,10.21,9.95,10.03,48580,48620356,-0.15,-1.4734774066797642
2020-11-18,15:00,sh603636,南威软件,10.0,10.14,9.97,10.05,36408,36663168,0.02,0.1994017946161515
2020-11-19,15:00,sh603636,南威软件,10.05,10.14,9.92,10.1,33659,33871276,0.05,0.4975124378109453
2020-11-20,15:00,sh603636,南威软件,10.11,10.14,9.98,10.07,33821,34003056,-0.03,-0.297029702970297
2020-11-23,15:00,sh603636,南威软件,10.08,10.16,9.92,9.96,75857,75887904,-0.11,-1.0923535253227408
2020-11-24,15:00,sh603636,南威软件,9.95,10.04,9.91,9.97,37397,37294232,0.01,0.1004016064257028
2020-11-25,15:00,sh603636,南威软件,9.97,10.03,9.87,9.93,44648,44382032,-0.04,-0.4012036108324975
2020-11-26,15:00,sh603636,南威软件,9.92,9.95,9.66,9.74,55352,54045764,-0.19,-1.9133937562940584
2020-11-27,15:00,sh603636,南威软件,9.76,9.83,9.69,9.83,29590,28913428,0.09,0.9240246406570842
2020-11-30,15:00,sh603636,南威软件,9.8,9.97,9.74,9.78,41157,40608744,-0.05,-0.508646998982706
2020-12-01,15:00,sh603636,南威软件,9.82,10.03,9.78,10.0,43212,43009460,0.22,2.2494887525562373
2020-12-02,15:00,sh603636,南威软件,10.0,10.1,9.99,10.02,33971,34104296,0.02,0.2
2020-12-03,15:00,sh603636,南威软件,10.04,10.08,9.98,10.03,31276,31388252,0.01,0.0998003992015967
2020-12-04,15:00,sh603636,南威软件,10.02,10.04,9.94,9.96,26306,26269880,-0.07,-0.6979062811565304
2020-12-07,15:00,sh603636,南威软件,9.99,10.02,9.92,9.94,24019,23942056,-0.02,-0.2008032128514056
2020-12-08,15:00,sh603636,南威软件,9.94,9.99,9.9,9.9,17972,17860678,-0.04,-0.4024144869215292
2020-12-09,15:00,sh603636,南威软件,9.89,10.24,9.61,10.06,97999,98027704,0.16,1.616161616161616
2020-12-10,15:00,sh603636,南威软件,10.03,10.24,9.91,10.17,58957,59642300,0.11,1.0934393638170974
2020-12-11,15:00,sh603636,南威软件,10.16,10.34,9.95,10.06,74572,75763968,-0.11,-1.0816125860373649
2020-12-14,15:00,sh603636,南威软件,10.06,10.08,9.81,9.87,44244,43749336,-0.19,-1.8886679920477136
2020-12-15,15:00,sh603636,南威软件,9.89,9.98,9.81,9.92,29879,29620058,0.05,0.5065856129685917
2020-12-16,15:00,sh603636,南威软件,9.91,9.92,9.65,9.65,40698,39758208,-0.27,-2.721774193548387
2020-12-17,15:00,sh603636,南威软件,9.65,9.66,9.29,9.57,60010,56729160,-0.08,-0.8290155440414507
2020-12-18,15:00,sh603636,南威软件,9.57,9.62,9.46,9.49,28225,26867328,-0.08,-0.8359456635318705
2020-12-21,15:00,sh603636,南威软件,9.45,9.62,9.44,9.51,25658,24481100,0.02,0.2107481559536353
2020-12-22,15:00,sh603636,南威软件,9.51,9.53,9.0,9.09,69977,64811940,-0.42,-4.416403785488959
2020-12-23,15:00,sh603636,南威软件,9.1,9.19,9.06,9.14,31560,28813316,0.05,0.5500550055005501
2020-12-24,15:00,sh603636,南威软件,9.25,9.37,9.0,9.11,42427,38947360,-0.03,-0.3282275711159737
2020-12-25,15:00,sh603636,南威软件,9.04,9.12,8.86,8.91,50576,45227832,-0.2,-2.1953896816684964
2020-12-28,15:00,sh603636,南威软件,8.95,8.95,8.62,8.75,60306,52811232,-0.16,-1.7957351290684629
2020-12-29,15:00,sh603636,南威软件,8.78,9.2,8.78,9.08,51880,46901320,0.33,3.7714285714285714
2020-12-30,15:00,sh603636,南威软件,9.08,9.15,8.95,9.12,33261,30181518,0.04,0.4405286343612335
2020-12-31,15:00,sh603636,南威软件,9.13,9.39,9.12,9.3,42470,39444348,0.18,1.973684210526316
2021-01-04,15:00,sh603636,南威软件,9.3,9.42,9.21,9.41,44845,41926596,0.11,1.1827956989247312
2021-01-05,15:00,sh603636,南威软件,9.43,9.56,9.4,9.44,38967,36895040,0.03,0.3188097768331562
2021-01-06,15:00,sh603636,南威软件,9.38,9.42,9.23,9.28,38743,36067080,-0.16,-1.694915254237288
2021-01-07,15:00,sh603636,南威软件,9.27,9.27,8.8,8.96,58515,52623452,-0.32,-3.4482758620689653
2021-01-08,15:00,sh603636,南威软件,8.92,9.24,8.76,9.03,46041,41699760,0.07,0.78125
2021-01-11,15:00,sh603636,南威软件,9.0,9.08,8.78,8.82,42786,38090800,-0.21,-2.3255813953488373
2021-01-12,15:00,sh603636,南威软件,8.85,9.7,8.7,9.46,90522,84010696,0.64,7.256235827664399
2021-01-13,15:00,sh603636,南威软件,9.33,9.46,9.17,9.36,62330,58208368,-0.1,-1.0570824524312896
2021-01-14,15:00,sh603636,南威软件,9.36,9.75,9.33,9.68,70205,67373120,0.32,3.418803418803419
2021-01-15,15:00,sh603636,南威软件,9.69,9.69,9.43,9.6,47533,45390244,-0.08,-0.8264462809917356
2021-01-18,15:00,sh603636,南威软件,9.6,9.68,9.5,9.59,32032,30690160,-0.01,-0.1041666666666666
2021-01-19,15:00,sh603636,南威软件,9.62,9.62,9.38,9.45,42924,40692656,-0.14,-1.45985401459854
2021-01-20,15:00,sh603636,南威软件,9.45,9.48,9.27,9.34,28593,26736146,-0.11,-1.164021164021164
2021-01-21,15:00,sh603636,南威软件,9.34,9.49,9.27,9.4,26967,25315918,0.06,0.6423982869379015
2021-01-22,15:00,sh603636,南威软件,9.38,9.48,9.08,9.09,45212,41410656,-0.31,-3.297872340425532
2021-01-25,15:00,sh603636,南威软件,9.09,9.23,8.88,9.02,34319,31086636,-0.07,-0.77007700770077
2021-01-26,15:00,sh603636,南威软件,9.01,9.14,8.9,8.94,30266,27168548,-0.08,-0.8869179600886918
2021-01-27,15:00,sh603636,南威软件,9.55,9.83,9.48,9.83,123109,119620552,0.89,9.955257270693512
2021-01-28,15:00,sh603636,南威软件,9.93,10.08,9.7,9.76,127445,125479736,-0.07,-0.7121057985757884
2021-01-29,15:00,sh603636,南威软件,9.74,9.81,9.48,9.62,66151,63503208,-0.14,-1.4344262295081966
2021-02-01,15:00,sh603636,南威软件,9.61,9.79,9.43,9.68,50401,48350612,0.06,0.6237006237006237
2021-02-02,15:00,sh603636,南威软件,9.65,9.65,9.49,9.62,43453,41610256,-0.06,-0.6198347107438017
2021-02-03,15:00,sh603636,南威软件,9.63,9.64,9.39,9.41,37936,36044800,-0.21,-2.182952182952183
2021-02-04,15:00,sh603636,南威软件,9.41,9.51,9.04,9.47,57768,53569492,0.06,0.6376195536663124
2021-02-05,15:00,sh603636,南威软件,9.42,9.58,9.24,9.24,37180,35136056,-0.23,-2.428722280887012
2021-02-08,15:00,sh603636,南威软件,9.26,9.57,9.19,9.46,34050,32123076,0.22,2.380952380952381
2021-02-09,15:00,sh603636,南威软件,9.43,9.77,9.43,9.74,51844,50262500,0.28,2.9598308668076108
2021-02-10,15:00,sh603636,南威软件,9.75,9.85,9.59,9.7,45633,44278928,-0.04,-0.4106776180698152
2021-02-18,15:00,sh603636,南威软件,9.78,10.09,9.78,9.98,68396,68210408,0.28,2.88659793814433
2021-02-19,15:00,sh603636,南威软件,9.99,10.42,9.87,10.35,91801,93783072,0.37,3.707414829659319
2021-02-22,15:00,sh603636,南威软件,10.37,10.47,10.09,10.13,90524,93224504,-0.22,-2.1256038647343
2021-02-23,15:00,sh603636,南威软件,10.14,10.17,9.85,9.9,67420,67344200,-0.23,-2.270483711747285
2021-02-24,15:00,sh603636,南威软件,9.94,10.23,9.91,10.05,58754,59228796,0.15,1.5151515151515151
2021-02-25,15:00,sh603636,南威软件,10.08,10.12,9.9,9.96,36813,36693008,-0.09,-0.8955223880597015
2021-02-26,15:00,sh603636,南威软件,9.83,10.06,9.76,10.05,39798,39758424,0.09,0.9036144578313252
2021-03-01,15:00,sh603636,南威软件,10.06,10.29,10.06,10.2,43688,44534704,0.15,1.4925373134328357
2021-03-02,15:00,sh603636,南威软件,10.2,10.34,10.0,10.14,46245,47077076,-0.06,-0.5882352941176471
2021-03-03,15:00,sh603636,南威软件,10.14,10.29,10.03,10.28,49801,50927268,0.14,1.3806706114398422
2021-03-04,15:00,sh603636,南威软件,10.23,10.4,10.19,10.38,53161,54798668,0.1,0.9727626459143968
2021-03-05,15:00,sh603636,南威软件,10.31,10.55,10.31,10.4,53130,55418316,0.02,0.1926782273603083
2021-03-08,15:00,sh603636,南威软件,10.48,10.48,10.05,10.05,53104,54582960,-0.35,-3.3653846153846154
2021-03-09,15:00,sh603636,南威软件,10.11,10.16,9.69,9.96,50306,50080856,-0.09,-0.8955223880597015
2021-03-10,15:00,sh603636,南威软件,9.95,10.05,9.78,9.86,34142,33732768,-0.1,-1.0040160642570282
2021-03-11,15:00,sh603636,南威软件,9.86,9.94,9.73,9.93,38606,38105136,0.07,0.7099391480730223
2021-03-12,15:00,sh603636,南威软件,9.93,9.93,9.61,9.73,37053,36065244,-0.2,-2.014098690835851
2021-03-15,15:00,sh603636,南威软件,9.7,9.81,9.62,9.68,24452,23727556,-0.05,-0.513874614594039
2021-03-16,15:00,sh603636,南威软件,9.7,9.82,9.68,9.79,31392,30577872,0.11,1.1363636363636365
2021-03-17,15:00,sh603636,南威软件,9.78,9.86,9.64,9.81,27968,27337590,0.02,0.2042900919305413
2021-03-18,15:00,sh603636,南威软件,9.82,9.82,9.6,9.68,30507,29635282,-0.13,-1.325178389398573
2021-03-19,15:00,sh603636,南威软件,9.68,9.73,9.59,9.62,24820,23967602,-0.06,-0.6198347107438017
2021-03-22,15:00,sh603636,南威软件,9.65,9.79,9.6,9.77,25151,24412880,0.15,1.5592515592515594
2021-03-23,15:00,sh603636,南威软件,9.8,10.04,9.78,9.91,42449,42122196,0.14,1.4329580348004094
2021-03-24,15:00,sh603636,南威软件,9.85,9.99,9.8,9.99,35031,34695936,0.08,0.8072653884964682
2021-03-25,15:00,sh603636,南威软件,10.02,10.32,9.93,10.04,53508,54070536,0.05,0.5005005005005005
2021-03-26,15:00,sh603636,南威软件,10.05,10.08,9.81,9.91,46752,46419336,-0.13,-1.294820717131474
2021-03-29,15:00,sh603636,南威软件,9.91,10.04,9.78,9.82,34993,34624860,-0.09,-0.9081735620585268
2021-03-30,15:00,sh603636,南威软件,9.74,9.78,9.63,9.75,34754,33711484,-0.07,-0.7128309572301426
2021-03-31,15:00,sh603636,南威软件,9.67,9.81,9.67,9.72,20092,19566770,-0.03,-0.3076923076923077
2021-04-01,15:00,sh603636,南威软件,9.74,9.77,9.58,9.59,29015,27957900,-0.13,-1.337448559670782
2021-04-02,15:00,sh603636,南威软件,9.58,9.77,9.56,9.73,27569,26721272,0.14,1.45985401459854
2021-04-06,15:00,sh603636,南威软件,9.87,9.94,9.78,9.89,31796,31344120,0.16,1.644398766700925
2021-04-07,15:00,sh603636,南威软件,9.83,10.06,9.76,10.06,44943,44608992,0.17,1.7189079878665317
2021-04-08,15:00,sh603636,南威软件,10.03,10.11,9.94,10.03,29896,29955424,-0.03,-0.2982107355864811
2021-04-09,15:00,sh603636,南威软件,10.03,10.05,9.92,9.96,25496,25434336,-0.07,-0.6979062811565304
2021-04-12,15:00,sh603636,南威软件,10.0,10.09,9.8,9.82,22330,22116112,-0.14,-1.4056224899598393
2021-04-13,15:00,sh603636,南威软件,9.84,10.48,9.75,10.09,66776,67364400,0.27,2.74949083503055
2021-04-14,15:00,sh603636,南威软件,10.08,10.24,10.0,10.16,48728,49293728,0.07,0.6937561942517344
2021-04-15,15:00,sh603636,南威软件,10.06,10.25,10.02,10.04,32305,32632186,-0.12,-1.1811023622047243
2021-04-16,15:00,sh603636,南威软件,10.03,10.18,10.01,10.18,35861,36226896,0.14,1.394422310756972
2021-04-19,15:00,sh603636,南威软件,10.15,10.32,10.13,10.29,56559,57861332,0.11,1.080550098231827
2021-04-20,15:00,sh603636,南威软件,10.27,10.38,10.21,10.35,52546,54191580,0.06,0.5830903790087464
2021-04-21,15:00,sh603636,南威软件,10.31,10.43,10.11,10.19,39698,40668948,-0.16,-1.5458937198067633
2021-04-22,15:00,sh603636,南威软件,10.36,10.64,10.32,10.55,127610,134043824,0.36,3.532875368007851
2021-04-23,15:00,sh603636,南威软件,10.49,10.69,10.36,10.39,66056,69290416,-0.16,-1.5165876777251186
2021-04-26,15:00,sh603636,南威软件,10.44,10.64,10.41,10.46,63481,66864152,0.07,0.6737247353224254
2021-04-27,15:00,sh603636,南威软件,10.45,10.45,10.14,10.29,47953,48996420,-0.17,-1.625239005736138
2021-04-28,15:00,sh603636,南威软件,10.11,10.13,9.35,9.4,164573,158468208,-0.89,-8.649173955296405
2021-04-29,15:00,sh603636,南威软件,9.42,9.5,9.3,9.31,37954,35740476,-0.09,-0.9574468085106382
2021-04-30,15:00,sh603636,南威软件,9.26,9.28,9.09,9.1,36478,33395036,-0.21,-2.255639097744361
2021-05-06,15:00,sh603636,南威软件,9.1,9.27,9.1,9.23,25170,23145132,0.13,1.4285714285714286
2021-05-07,15:00,sh603636,南威软件,9.29,9.36,9.13,9.14,24585,22750692,-0.09,-0.9750812567713976
2021-05-10,15:00,sh603636,南威软件,9.22,9.28,9.09,9.25,23517,21572948,0.11,1.2035010940919038
2021-05-11,15:00,sh603636,南威软件,9.49,9.7,9.4,9.41,40887,38829044,0.16,1.7297297297297298
2021-05-12,15:00,sh603636,南威软件,9.24,9.48,9.2,9.43,23273,21826360,0.02,0.2125398512221041
2021-05-13,15:00,sh603636,南威软件,9.36,9.49,9.31,9.33,24932,23370268,-0.1,-1.0604453870625663
2021-05-14,15:00,sh603636,南威软件,9.33,9.41,9.3,9.39,21598,20184588,0.06,0.6430868167202572
2021-05-17,15:00,sh603636,南威软件,9.38,9.38,9.25,9.31,18665,17368628,-0.08,-0.8519701810436635
2021-05-18,15:00,sh603636,南威软件,9.28,9.36,9.2,9.33,20992,19468448,0.02,0.2148227712137486
2021-05-19,15:00,sh603636,南威软件,9.29,9.29,9.19,9.2,22163,20445324,-0.13,-1.3933547695605577
2021-05-20,15:00,sh603636,南威软件,9.2,9.26,9.09,9.11,20169,18446992,-0.09,-0.9782608695652176
2021-05-21,15:00,sh603636,南威软件,9.11,9.18,9.02,9.05,22612,20566864,-0.06,-0.6586169045005488
2021-05-24,15:00,sh603636,南威软件,9.04,9.25,9.0,9.17,26205,23913584,0.12,1.3259668508287292
2021-05-25,15:00,sh603636,南威软件,9.2,9.25,9.11,9.24,29155,26801270,0.07,0.7633587786259541
2021-05-26,15:00,sh603636,南威软件,9.27,10.16,9.2,9.8,158377,155873952,0.56,6.0606060606060606
2021-05-27,15:00,sh603636,南威软件,9.68,9.69,9.44,9.56,106022,101255712,-0.24,-2.4489795918367347
2021-05-28,15:00,sh603636,南威软件,9.54,9.63,9.46,9.58,39868,38079320,0.02,0.209205020920502
2021-05-31,15:00,sh603636,南威软件,9.67,9.79,9.58,9.72,47506,46051516,0.14,1.4613778705636742
2021-06-01,15:00,sh603636,南威软件,9.72,9.77,9.6,9.72,36371,35242824,0.0,0.0
2021-06-02,15:00,sh603636,南威软件,9.69,9.75,9.56,9.58,25955,25021468,-0.14,-1.440329218106996
2021-06-03,15:00,sh603636,南威软件,9.55,9.79,9.54,9.76,47933,46339800,0.18,1.8789144050104385
2021-06-04,15:00,sh603636,南威软件,9.77,9.83,9.59,9.64,45040,43768448,-0.12,-1.2295081967213115
2021-06-07,15:00,sh603636,南威软件,9.62,9.8,9.52,9.78,41799,40624540,0.14,1.4522821576763485
2021-06-08,15:00,sh603636,南威软件,10.07,10.18,9.8,9.87,85275,85005592,0.09,0.9202453987730062
2021-06-09,15:00,sh603636,南威软件,9.83,10.02,9.8,9.89,47155,46802432,0.02,0.2026342451874367
2021-06-10,15:00,sh603636,南威软件,9.93,10.24,9.81,10.2,112775,114049696,0.31,3.1344792719919106
2021-06-11,15:00,sh603636,南威软件,10.22,10.43,10.12,10.2,121229,124401240,0.0,0.0
2021-06-15,15:00,sh603636,南威软件,10.1,10.25,9.93,10.11,60602,61132488,-0.09,-0.8823529411764706
2021-06-16,15:00,sh603636,南威软件,10.05,10.21,9.96,9.99,54383,54627868,-0.12,-1.1869436201780417
2021-06-17,15:00,sh603636,南威软件,9.94,10.06,9.76,10.01,68452,67848104,0.02,0.2002002002002001
2021-06-18,15:00,sh603636,南威软件,10.01,10.25,9.92,10.18,80134,81156072,0.17,1.6983016983016983
2021-06-21,15:00,sh603636,南威软件,10.08,10.29,10.02,10.17,53766,54597120,-0.01,-0.0982318271119842
2021-06-22,15:00,sh603636,南威软件,10.17,10.23,10.02,10.05,47677,48168652,-0.12,-1.1799410029498525
2021-06-23,15:00,sh603636,南威软件,10.02,10.15,9.92,10.1,49868,49991636,0.05,0.4975124378109453
2021-06-24,15:00,sh603636,南威软件,10.12,10.12,9.8,9.81,56171,55579476,-0.29,-2.871287128712872
2021-06-25,15:00,sh603636,南威软件,9.81,9.91,9.75,9.76,38771,38047656,-0.05,-0.509683995922528
2021-06-28,15:00,sh603636,南威软件,9.75,9.86,9.68,9.78,35031,34276696,0.02,0.2049180327868852
2021-06-29,15:00,sh603636,南威软件,9.75,9.85,9.57,9.58,39398,38121016,-0.2,-2.044989775051125
2021-06-30,15:00,sh603636,南威软件,9.58,9.66,9.56,9.63,27730,26634362,0.05,0.5219206680584552
2021-07-01,15:00,sh603636,南威软件,9.65,9.66,9.37,9.4,41975,39791232,-0.23,-2.388369678089304
2021-07-02,15:00,sh603636,南威软件,9.39,9.43,9.28,9.32,28836,26939254,-0.08,-0.851063829787234
2021-07-05,15:00,sh603636,南威软件,9.38,9.62,9.37,9.6,49654,47149036,0.28,3.004291845493562
2021-07-06,15:00,sh603636,南威软件,9.58,9.58,9.36,9.45,33997,32178700,-0.15,-1.5625
2021-07-07,15:00,sh603636,南威软件,9.4,9.45,9.34,9.36,33687,31625876,-0.09,-0.9523809523809524
2021-07-08,15:00,sh603636,南威软件,9.37,9.42,9.2,9.24,46137,42804636,-0.12,-1.282051282051282
2021-07-09,15:00,sh603636,南威软件,9.19,9.26,9.1,9.19,27231,24957904,-0.05,-0.5411255411255411
2021-07-12,15:00,sh603636,南威软件,9.25,9.58,9.24,9.51,62830,59392912,0.32,3.4820457018498367
2021-07-13,15:00,sh603636,南威软件,9.54,9.85,9.53,9.65,78801,76298344,0.14,1.4721345951629865
2021-07-14,15:00,sh603636,南威软件,9.65,9.79,9.56,9.68,60914,59105552,0.03,0.310880829015544
2021-07-15,15:00,sh603636,南威软件,9.75,9.75,9.48,9.61,38762,37164680,-0.07,-0.7231404958677686
2021-07-16,15:00,sh603636,南威软件,9.62,9.67,9.52,9.54,31683,30351308,-0.07,-0.72840790842872
2021-07-19,15:00,sh603636,南威软件,9.51,9.73,9.4,9.71,45429,43669252,0.17,1.781970649895178
2021-07-20,15:00,sh603636,南威软件,9.6,9.64,9.52,9.56,25068,23984572,-0.15,-1.544799176107106
2021-07-21,15:00,sh603636,南威软件,9.58,9.63,9.55,9.57,24718,23685100,0.01,0.104602510460251
2021-07-22,15:00,sh603636,南威软件,9.57,9.69,9.56,9.6,41297,39744540,0.03,0.3134796238244514
2021-07-23,15:00,sh603636,南威软件,9.6,9.65,9.35,9.37,44474,41940048,-0.23,-2.395833333333333
2021-07-26,15:00,sh603636,南威软件,9.33,9.37,9.11,9.24,35434,32723236,-0.13,-1.3874066168623265
2021-07-27,15:00,sh603636,南威软件,9.25,9.36,9.1,9.11,35609,32810416,-0.13,-1.406926406926407
2021-07-28,15:00,sh603636,南威软件,9.05,9.16,8.69,8.88,51542,45732572,-0.23,-2.52469813391877
2021-07-29,15:00,sh603636,南威软件,8.93,9.07,8.93,8.97,28717,25824612,0.09,1.0135135135135136
2021-07-30,15:00,sh603636,南威软件,8.93,9.06,8.88,9.04,27314,24582872,0.07,0.7803790412486065
2021-08-02,15:00,sh603636,南威软件,9.0,9.21,8.93,9.18,25836,23513160,0.14,1.5486725663716814
2021-08-03,15:00,sh603636,南威软件,9.11,9.3,9.1,9.17,28078,25876420,-0.01,-0.1089324618736383
2021-08-04,15:00,sh603636,南威软件,9.16,9.2,9.09,9.17,22044,20168748,0.0,0.0
2021-08-05,15:00,sh603636,南威软件,9.19,9.19,9.01,9.06,26559,24080988,-0.11,-1.1995637949836424
2021-08-06,15:00,sh603636,南威软件,9.14,9.14,8.88,8.93,31863,28517836,-0.13,-1.434878587196468
2021-08-09,15:00,sh603636,南威软件,8.93,9.12,8.9,9.0,25999,23398292,0.07,0.7838745800671892
2021-08-10,15:00,sh603636,南威软件,9.04,9.04,8.91,9.01,33229,29790022,0.01,0.1111111111111111
2021-08-11,15:00,sh603636,南威软件,9.01,9.02,8.85,8.88,40189,35871916,-0.13,-1.4428412874583796
2021-08-12,15:00,sh603636,南威软件,9.05,9.52,9.03,9.2,100772,93159360,0.32,3.603603603603604
2021-08-13,15:00,sh603636,南威软件,9.08,9.16,8.97,8.99,57557,52010352,-0.21,-2.282608695652174
2021-08-16,15:00,sh603636,南威软件,9.0,9.03,8.91,8.95,37374,33508156,-0.04,-0.4449388209121245
2021-08-17,15:00,sh603636,南威软件,8.94,8.97,8.81,8.83,40323,35809156,-0.12,-1.340782122905028
2021-08-18,15:00,sh603636,南威软件,8.82,9.08,8.81,9.01,40942,36456696,0.18,2.0385050962627407
2021-08-19,15:00,sh603636,南威软件,9.13,9.37,9.08,9.14,102426,94652896,0.13,1.4428412874583796
2021-08-20,15:00,sh603636,南威软件,9.01,9.13,8.9,9.13,49677,44649676,-0.01,-0.1094091903719912
2021-08-23,15:00,sh603636,南威软件,9.12,9.27,9.08,9.22,62907,57811100,0.09,0.9857612267250824
2021-08-24,15:00,sh603636,南威软件,9.22,9.24,9.13,9.16,31187,28575556,-0.06,-0.6507592190889371
2021-08-25,15:00,sh603636,南威软件,9.18,9.24,9.13,9.17,30393,27869484,0.01,0.1091703056768558
2021-08-26,15:00,sh603636,南威软件,9.25,9.25,8.9,8.96,77045,69615536,-0.21,-2.2900763358778624
2021-08-27,15:00,sh603636,南威软件,8.92,8.99,8.8,8.9,58626,52053324,-0.06,-0.6696428571428571
2021-08-30,15:00,sh603636,南威软件,8.95,9.06,8.88,8.94,40954,36662608,0.04,0.449438202247191
2021-08-31,15:00,sh603636,南威软件,8.97,9.01,8.83,8.98,47983,42885064,0.04,0.4474272930648769
2021-09-01,15:00,sh603636,南威软件,8.99,9.09,8.86,9.06,61250,54976020,0.08,0.8908685968819599
2021-09-02,15:00,sh603636,南威软件,9.06,9.07,8.96,8.99,41127,37040476,-0.07,-0.772626931567329
2021-09-03,15:00,sh603636,南威软件,8.99,9.11,8.92,9.01,65626,59241020,0.02,0.2224694104560622
2021-09-06,15:00,sh603636,南威软件,9.0,9.08,8.94,9.07,50930,45876224,0.06,0.6659267480577136
2021-09-07,15:00,sh603636,南威软件,9.07,9.11,9.03,9.08,51964,47185084,0.01,0.1102535832414553
2021-09-08,15:00,sh603636,南威软件,9.1,9.22,9.03,9.2,67306,61550972,0.12,1.3215859030837005
2021-09-09,15:00,sh603636,南威软件,9.2,9.22,9.11,9.16,46921,42954728,-0.04,-0.4347826086956521
2021-09-10,15:00,sh603636,南威软件,9.15,9.23,9.09,9.11,45401,41559576,-0.05,-0.5458515283842794
2021-09-13,15:00,sh603636,南威软件,9.11,9.23,9.07,9.19,46494,42660120,0.08,0.8781558726673985
2021-09-14,15:00,sh603636,南威软件,9.2,9.32,9.09,9.18,70541,65111420,-0.01,-0.1088139281828074
2021-09-15,15:00,sh603636,南威软件,9.18,9.23,9.06,9.1,46929,42855060,-0.08,-0.8714596949891068
2021-09-16,15:00,sh603636,南威软件,9.07,9.2,9.02,9.06,41963,38299024,-0.04,-0.4395604395604395
2021-09-17,15:00,sh603636,南威软件,9.06,9.1,8.84,8.97,49462,44169840,-0.09,-0.9933774834437088
2021-09-22,15:00,sh603636,南威软件,8.9,9.0,8.86,8.95,31189,27856208,-0.02,-0.2229654403567447
2021-09-23,15:00,sh603636,南威软件,8.94,9.03,8.92,8.99,33183,29836516,0.04,0.4469273743016759
2021-09-24,15:00,sh603636,南威软件,8.98,9.05,8.88,8.89,38352,34372884,-0.1,-1.1123470522803114
2021-09-27,15:00,sh603636,南威软件,8.92,8.97,8.62,8.64,56899,49751368,-0.25,-2.81214848143982
2021-09-28,15:00,sh603636,南威软件,8.64,8.65,8.49,8.55,34665,29651572,-0.09,-1.0416666666666663
2021-09-29,15:00,sh603636,南威软件,8.52,8.52,8.23,8.28,49253,41109280,-0.27,-3.1578947368421053
2021-09-30,15:00,sh603636,南威软件,8.29,8.44,8.29,8.38,20711,17320774,0.1,1.207729468599034
2021-10-08,15:00,sh603636,南威软件,8.4,8.53,8.39,8.5,29265,24820132,0.12,1.431980906921241
2021-10-11,15:00,sh603636,南威软件,8.54,8.57,8.48,8.5,22299,18976948,0.0,0.0
2021-10-12,15:00,sh603636,南威软件,8.51,8.51,8.3,8.4,22605,18995292,-0.1,-1.1764705882352942
2021-10-13,15:00,sh603636,南威软件,8.41,8.47,8.35,8.43,15434,12963974,0.03,0.3571428571428571
2021-10-14,15:00,sh603636,南威软件,8.43,8.6,8.35,8.58,30223,25728032,0.15,1.7793594306049825
2021-10-15,15:00,sh603636,南威软件,8.62,8.87,8.52,8.67,67359,58864296,0.09,1.048951048951049
2021-10-18,15:00,sh603636,南威软件,8.67,8.98,8.61,8.91,58392,51554704,0.24,2.768166089965398
2021-10-19,15:00,sh603636,南威软件,8.89,8.89,8.71,8.82,36225,31819400,-0.09,-1.0101010101010102
2021-10-20,15:00,sh603636,南威软件,8.88,8.92,8.7,8.72,42782,37573888,-0.1,-1.1337868480725624
2021-10-21,15:00,sh603636,南威软件,8.67,8.79,8.64,8.66,21892,19041162,-0.06,-0.6880733944954129
2021-10-22,15:00,sh603636,南威软件,8.63,8.7,8.62,8.63,19572,16938460,-0.03,-0.3464203233256351
2021-10-25,15:00,sh603636,南威软件,8.62,8.62,8.43,8.45,26966,22857232,-0.18,-2.085747392815759
2021-10-26,15:00,sh603636,南威软件,8.47,8.47,8.37,8.4,20312,17070384,-0.05,-0.591715976331361
2021-10-27,15:00,sh603636,南威软件,8.4,8.4,8.13,8.14,34095,28027748,-0.26,-3.095238095238096
2021-10-28,15:00,sh603636,南威软件,8.13,8.3,8.01,8.18,22057,17976188,0.04,0.4914004914004914
2021-10-29,15:00,sh603636,南威软件,8.2,8.37,8.18,8.31,19716,16334148,0.13,1.5892420537897312
2021-11-01,15:00,sh603636,南威软件,8.12,8.12,7.82,8.03,55131,43832792,-0.28,-3.369434416365824
2021-11-02,15:00,sh603636,南威软件,8.01,8.05,7.92,7.95,25223,20134228,-0.08,-0.99626400996264
2021-11-03,15:00,sh603636,南威软件,8.0,8.02,7.92,8.0,16853,13431257,0.05,0.628930817610063
2021-11-04,15:00,sh603636,南威软件,8.0,8.06,7.97,8.02,21198,16986464,0.02,0.25
2021-11-05,15:00,sh603636,南威软件,7.99,8.12,7.99,8.08,21835,17629588,0.06,0.7481296758104738
2021-11-08,15:00,sh603636,南威软件,8.09,8.15,8.0,8.04,16256,13091122,-0.04,-0.495049504950495
2021-11-09,15:00,sh603636,南威软件,8.03,8.16,8.03,8.15,13187,10701357,0.11,1.3681592039800996
2021-11-10,15:00,sh603636,南威软件,8.16,8.25,8.1,8.23,21571,17660414,0.08,0.98159509202454
2021-11-11,15:00,sh603636,南威软件,8.18,8.32,8.15,8.27,24634,20380274,0.04,0.4860267314702308
2021-11-12,15:00,sh603636,南威软件,8.21,8.33,8.2,8.27,15867,13117405,0.0,0.0
2021-11-15,15:00,sh603636,南威软件,8.27,8.45,8.26,8.45,32880,27602548,0.18,2.176541717049577
2021-11-16,15:00,sh603636,南威软件,8.45,8.53,8.41,8.41,30638,25955668,-0.04,-0.4733727810650888
2021-11-17,15:00,sh603636,南威软件,8.41,8.55,8.41,8.48,26993,22875266,0.07,0.8323424494649228
2021-11-18,15:00,sh603636,南威软件,8.67,8.73,8.45,8.47,40337,34521184,-0.01,-0.1179245283018868
2021-11-19,15:00,sh603636,南威软件,8.47,8.55,8.38,8.46,22839,19305234,-0.01,-0.1180637544273907
2021-11-22,15:00,sh603636,南威软件,8.46,8.5,8.44,8.45,24661,20888746,-0.01,-0.1182033096926714
2021-11-23,15:00,sh603636,南威软件,8.46,8.47,8.41,8.44,17337,14648342,-0.01,-0.1183431952662722
2021-11-24,15:00,sh603636,南威软件,8.44,8.56,8.38,8.53,30577,25866664,0.09,1.066350710900474
2021-11-25,15:00,sh603636,南威软件,8.53,8.63,8.47,8.49,30823,26322096,-0.04,-0.4689331770222743
2021-11-26,15:00,sh603636,南威软件,8.54,8.62,8.38,8.54,41516,35252796,0.05,0.5889281507656066
2021-11-29,15:00,sh603636,南威软件,8.47,8.51,8.4,8.45,25521,21586008,-0.09,-1.053864168618267
2021-11-30,15:00,sh603636,南威软件,8.47,8.68,8.47,8.62,47610,40916040,0.17,2.0118343195266277
2021-12-01,15:00,sh603636,南威软件,8.59,8.88,8.58,8.84,50645,44612984,0.22,2.5522041763341066
2021-12-02,15:00,sh603636,南威软件,8.83,8.99,8.73,8.83,70225,62334724,-0.01,-0.1131221719457013
2021-12-03,15:00,sh603636,南威软件,8.95,9.03,8.79,8.91,83452,74558032,0.08,0.9060022650056626
2021-12-06,15:00,sh603636,南威软件,8.88,8.88,8.62,8.65,52104,45382824,-0.26,-2.9180695847362514
2021-12-07,15:00,sh603636,南威软件,8.68,8.69,8.51,8.55,36420,31209950,-0.1,-1.1560693641618496
2021-12-08,15:00,sh603636,南威软件,8.72,9.0,8.7,8.85,64377,56816768,0.3,3.508771929824561
2021-12-09,15:00,sh603636,南威软件,8.82,8.86,8.73,8.76,40788,35798928,-0.09,-1.0169491525423728
2021-12-10,15:00,sh603636,南威软件,8.71,8.76,8.65,8.67,29567,25691368,-0.09,-1.0273972602739725
2021-12-13,15:00,sh603636,南威软件,8.67,8.91,8.67,8.75,43338,38162592,0.08,0.922722029988466
2021-12-14,15:00,sh603636,南威软件,8.81,8.84,8.68,8.77,35100,30816376,0.02,0.2285714285714286
2021-12-15,15:00,sh603636,南威软件,8.79,8.96,8.77,8.86,34425,30611590,0.09,1.026225769669327
2021-12-16,15:00,sh603636,南威软件,8.86,9.15,8.8,9.02,53457,47986280,0.16,1.805869074492099
2021-12-17,15:00,sh603636,南威软件,9.01,9.05,8.81,8.84,35300,31420042,-0.18,-1.9955654101995564
2021-12-20,15:00,sh603636,南威软件,8.84,8.92,8.73,8.75,40407,35551912,-0.09,-1.0180995475113122
2021-12-21,15:00,sh603636,南威软件,8.75,8.86,8.73,8.85,27111,23884108,0.1,1.1428571428571428
2021-12-22,15:00,sh603636,南威软件,8.87,8.94,8.84,8.86,23720,21067954,0.01,0.1129943502824858
2021-12-23,15:00,sh603636,南威软件,8.91,8.92,8.77,8.8,26370,23254944,-0.06,-0.6772009029345373
2021-12-24,15:00,sh603636,南威软件,8.81,8.86,8.72,8.72,27141,23838148,-0.08,-0.9090909090909092
2021-12-27,15:00,sh603636,南威软件,8.73,8.77,8.68,8.71,17628,15361839,-0.01,-0.1146788990825688
2021-12-28,15:00,sh603636,南威软件,8.85,8.92,8.8,8.91,42995,38138224,0.2,2.2962112514351323
2021-12-29,15:00,sh603636,南威软件,8.87,8.91,8.71,8.8,22536,19844312,-0.11,-1.2345679012345678
2021-12-30,15:00,sh603636,南威软件,8.79,9.0,8.77,8.91,44363,39600776,0.11,1.25
2021-12-31,15:00,sh603636,南威软件,8.96,8.96,8.85,8.94,31163,27789898,0.03,0.3367003367003366
